2
Frequency=4400(MHz)

Phi	Theta	E Total. dB	E(Phi) . Amp dB	E(Theta) . Amp dB	E(Phi) . Phase	E(Theta) . Phase
0	-3.1415926536	-15.8268437848005	-16.1478436882121	-27.2991492917179	-1.19428238866808	1.47301832043219
0	-3.089232776	-14.4250702519522	-14.5751356482144	-29.1149244159626	-1.25143345977407	1.71128381055121
0	-3.0368728985	-13.6936810501045	-13.8170204346674	-29.2220301344703	-1.27459208536902	2.13313475862648
0	-2.9845130209	-13.5425995197853	-13.7498157100318	-26.8594019311914	-1.2932859576002	2.39623545333796
0	-2.9321531434	-13.8321423446442	-14.238984689975	-24.3175572312681	-1.32761690144127	2.44990633804537
0	-2.8797932658	-14.405907702778	-15.1384377274699	-22.4966145482951	-1.39116256837729	2.43772324770059
0	-2.8274333882	-15.1748197248351	-16.2973600244882	-21.5998307985126	-1.48561630919955	2.4485629951707
0	-2.7750735107	-16.2042423929276	-17.6457164005725	-21.6948375378458	-1.59345453894352	2.54195953531978
0	-2.7227136331	-17.6462056938558	-19.3436234511628	-22.5472625843764	-1.68061391785977	2.78922471586257
0	-2.6703537556	-19.3782182116943	-21.8932229499488	-22.9476592157803	-1.70613361599131	-3.04206370397839
0	-2.617993878	-20.2527682284904	-26.2888014013053	-21.4970233383224	-1.59079984682259	-2.55826919764639
0	-2.5656340004	-19.1772955004804	-33.8552040875423	-19.3277814748844	-0.845381985578201	-2.23884488855028
0	-2.5132741229	-17.4537757134679	-30.102634719247	-17.6964223389406	0.575932531949533	-2.04137326609339
0	-2.4609142453	-16.2315578633543	-25.205471101892	-16.8196796670378	0.955267104920819	-1.88849033539123
0	-2.4085543678	-15.6127254452324	-22.8663544973815	-16.5182754904122	1.18248933258492	-1.73088008038065
0	-2.3561944902	-15.2925599104666	-21.5037382316954	-16.4802353485696	1.40427933529179	-1.54148517717206
0	-2.3038346126	-14.8454150306135	-20.245224277115	-16.3231521760051	1.60771212840675	-1.31936911159749
0	-2.2514747351	-14.0548743524241	-18.8192309618534	-15.8192189747821	1.74131205134078	-1.09299860455162
0	-2.1991148575	-13.0429639360372	-17.3508413861947	-15.0555042840099	1.78366068531113	-0.894464403094665
0	-2.14675498	-12.0491721973492	-16.0276112556944	-14.2683004972615	1.75546770673698	-0.732008216724133
0	-2.0943951024	-11.2507579741741	-14.977685307403	-13.6461019035647	1.69094922216595	-0.595075764582764
0	-2.0420352248	-10.7377080250918	-14.3341281919278	-13.2316660724854	1.6160573648891	-0.469433228134747
0	-1.9896753473	-10.5536038103763	-14.2266773721757	-12.9890117959545	1.54095958281887	-0.345622741338689
0	-1.9373154697	-10.6745871590869	-14.7311117817197	-12.8424088404785	1.46027757854387	-0.22152842431288
0	-1.8849555922	-10.9915327614351	-15.8311551180281	-12.7186403444296	1.35349662950228	-0.0994534988553072
0	-1.8325957146	-11.3171479301699	-17.305872787384	-12.5772125160198	1.18416209813454	0.0181469444321984
0	-1.780235837	-11.454756946352	-18.484239855287	-12.4139680417377	0.921399312807271	0.132454956138618
0	-1.7278759595	-11.3003667319902	-18.4669536791807	-12.2263483611537	0.614763653935569	0.24866535571771
0	-1.6755160819	-10.8780035108201	-17.2951320646799	-12.0028715187975	0.377922249652084	0.372334684679869
0	-1.6231562044	-10.2838230589876	-15.7882181487315	-11.7198770029359	0.235988046576674	0.50451513453377
0	-1.5707963268	-9.61835491527659	-14.4274915944241	-11.3604289088099	0.146833390795386	0.63921090347839
0	-1.5184364492	-8.96294197486639	-13.3178824040514	-10.9479768774516	0.0762459563960865	0.766193749632853
0	-1.4660765717	-8.35595017205393	-12.4021868297009	-10.5304446407179	0.013818970181532	0.87584282870777
0	-1.4137166941	-7.81632432939694	-11.6097050198144	-10.1634041032301	-0.0318285449702968	0.962683796867718
0	-1.3613568166	-7.35495332323838	-10.9101916470729	-9.88113172462909	-0.0433471702901553	1.02615067084841
0	-1.308996939	-6.97658147492423	-10.3281239819734	-9.67050936022248	-0.00546464152158992	1.06860671885801
0	-1.2566370614	-6.68895029174345	-9.90015546450691	-9.50722945439189	0.089621177024035	1.09231619083889
0	-1.2042771839	-6.48366590704799	-9.62661165139966	-9.36525166724643	0.243244795961703	1.1007073601603
0	-1.1519173063	-6.34289864581602	-9.47306605495914	-9.23655088430403	0.454463769556369	1.09354850193506
0	-1.0995574288	-6.22969375484958	-9.35649182689408	-9.12653915622404	0.724106179980916	1.07094747190176
0	-1.0471975512	-6.05972654162171	-9.09430690301066	-9.04588108530767	1.05373522413616	1.03066838387103
0	-0.9948376736	-5.67027735090801	-8.39877883133372	-8.98193731716706	1.43037209446029	0.973042891322019
0	-0.9424777961	-4.88337158526225	-7.07113115982586	-8.9092750865936	1.81402320186949	0.90380883126944
0	-0.8901179185	-3.65433169894411	-5.23689144659615	-8.80585167547633	2.15915373355347	0.834723995467429
0	-0.837758041	-2.14509410481689	-3.22857499333007	-8.70520813068036	2.44995521243323	0.781352739881949
0	-0.7853981634	-0.577109013227398	-1.30554812539198	-8.69014945385141	2.69592928743006	0.757317861092144
0	-0.7330382858	0.892254300087537	0.408623124904043	-8.88001769983003	2.91341368846126	0.769869631031973
0	-0.6806784083	2.17195080170297	1.85754664902245	-9.38726331601121	3.11473320333126	0.820829544357059
0	-0.6283185307	3.23359328687729	3.03760553891128	-10.3195859593624	-2.9748911478001	0.91029986965639
0	-0.5759586532	4.05589472336382	3.94123223621801	-11.7849399172998	-2.7846807154342	1.04110047717828
0	-0.5235987756	4.63452892454775	4.57317745472564	-13.8957040936202	-2.59575368624755	1.22671307900729
0	-0.47123889804	4.95795798602413	4.9280965885548	-16.6837059885737	-2.40633308539516	1.50761786799996
0	-0.41887902048	5.03785092723673	5.02304868327925	-19.6441156297212	-2.21654081293449	1.96454635592433
0	-0.36651914292	4.89595468922777	4.88429787316902	-20.8219160933378	-2.02608447114607	2.57447559596082
0	-0.31415926536	4.56199982315495	4.54575224052648	-19.7160770056094	-1.83750569002483	3.02323999109398
0	-0.2617993878	4.08942564708119	4.06387405249876	-18.2270069187659	-1.65450971424027	-3.06657425385482
0	-0.20943951024	3.55413693076416	3.51506326536295	-16.9243868351699	-1.48254656950562	-3.02984265089132
0	-0.15707963268	3.05324969062207	2.99427984841219	-15.6477453235509	-1.32739836007324	-3.06001120453478
0	-0.10471975512	2.67842446877003	2.59236585269525	-14.3944333194547	-1.19152994412227	-3.08854373382816
0	-0.05235987756	2.52801237219133	2.41455519390547	-13.3581160469617	-1.07266441473297	-3.07833759993235
0	-4.4408920985E-16	2.63875981529869	2.51245090318251	-12.787744744787	-0.962646859949641	-3.0194111404755
0	0.05235987756	2.97055072473531	2.85594466203381	-12.8723934803928	2.29023574384618	0.231975327865543
0	0.10471975512	3.44673864915078	3.36344911037523	-13.7667781063226	2.40797011985169	0.404699600545493
0	0.15707963268	3.9631371248248	3.91456034624545	-15.5746846310095	2.53232828654404	0.684968588727111
0	0.20943951024	4.43059098479862	4.40471827879614	-17.8317635234283	2.6604917949774	1.18457532389686
0	0.2617993878	4.7791647832004	4.75660234129267	-18.0760936561611	2.78772256785866	1.91200915002574
0	0.31415926536	4.97798176687707	4.94081134537793	-15.716458442625	2.90987951876205	2.46523035701978
0	0.36651914292	5.01472464737146	4.95251264580063	-13.4554455911812	3.02223109596451	2.75929431606105
0	0.41887902048	4.92030463028639	4.83285741458977	-12.0837288627703	3.12052352353394	2.91644485379129
0	0.47123889804	4.75851829670532	4.65465576440851	-11.5065635170127	-3.08269251475514	2.99448811858337
0	0.5235987756	4.60277613197087	4.49459718752044	-11.487616781823	-3.02312242111762	3.01148398494709
0	0.5759586532	4.53362544553355	4.42960395540476	-11.7248938919156	-2.981656593074	2.97309602736389
0	0.6283185307	4.59310703680354	4.49312324691544	-11.8353361149059	-2.95068571612116	2.89257798293405
0	0.6806784083	4.77258452403521	4.66964268219055	-11.530708497229	-2.91985077933049	2.80322685350715
0	0.7330382858	5.02374264033499	4.90880958462299	-10.806990732973	-2.88034967129192	2.74317119860796
0	0.7853981634	5.28007484672186	5.14575726012871	-9.88342517332376	-2.82767631605334	2.72973607306727
0	0.837758041	5.48089714053949	5.32304964831056	-8.99325381097945	-2.76158933455533	2.75737328451182
0	0.8901179185	5.59370355590318	5.41221969501732	-8.28618539826948	-2.68537985608537	2.8138492273676
0	0.9424777961	5.60767634958095	5.40648980959864	-7.8343824923812	-2.60439424949764	2.89003906596617
0	0.9948376736	5.51575288176605	5.30117329166541	-7.6530541670084	-2.52405834308919	2.98100699599582
0	1.0471975512	5.3146669274676	5.09282254332108	-7.71314182173303	-2.44877773087073	3.08432816490526
0	1.0995574288	5.01174492157041	4.78651494454281	-7.95196457056727	-2.38187166741639	-3.08615788594382
0	1.1519173063	4.59991379226857	4.37093847521345	-8.29402728448187	-2.32455406803509	-2.9699338763133
0	1.2042771839	4.10532217373062	3.86946929391175	-8.66350187055289	-2.27685210972996	-2.85997841535614
0	1.2566370614	3.52812403524668	3.27972196287447	-9.02177599181728	-2.23793601098015	-2.76790709359085
0	1.308996939	2.88702299379704	2.61991659384759	-9.35684590169609	-2.20891305493971	-2.70368817883703
0	1.3613568166	2.19353503743005	1.90103927125346	-9.66853933654773	-2.19080299080128	-2.67222773476242
0	1.4137166941	1.45389046401035	1.12814660402413	-9.95704422172498	-2.186033236274	-2.67203459910132
0	1.4660765717	0.667793117036477	0.297400428905879	-10.2073061499817	-2.1971343796742	-2.697354482686
0	1.5184364492	-0.16753931515075	-0.597781107871769	-10.4216015793259	-2.22492439316778	-2.74018789829488
0	1.5707963268	-1.05430672000524	-1.56338566395612	-10.616351823088	-2.26829373087672	-2.79450390035079
0	1.6231562044	-1.99824961693464	-2.60822896555174	-10.8243619478988	-2.32296256154036	-2.85666361284242
0	1.6755160819	-3.0109869063073	-3.74587499718157	-11.0888818081868	-2.38177409865504	-2.92749999033589
0	1.7278759595	-4.11606306838721	-5.00387136167619	-11.4470588765014	-2.43578370619958	-3.01043583151591
0	1.780235837	-5.34766275157461	-6.41914017499624	-11.950405266539	-2.47417685668606	-3.10988447323463
0	1.8325957146	-6.74950411483905	-8.04178684196542	-12.6439028983143	-2.48451199598868	3.05173626678566
0	1.8849555922	-8.35948133708645	-9.90419786483844	-13.5983259030976	-2.44965750933419	2.89997981373828
0	1.9373154697	-10.1680572209301	-11.9562144461515	-14.8852879413053	-2.34331004003688	2.70251806030096
0	1.9896753473	-11.9781416334826	-13.8581838803501	-16.5204716579289	-2.13294968617038	2.42849757322085
0	2.0420352248	-13.1763691960238	-14.8095202062388	-18.2149652378299	-1.83210746535796	2.02985581902567
0	2.0943951024	-13.0747188660729	-14.3425772939306	-19.0403723253224	-1.56060898373999	1.49977593886739
0	2.14675498	-11.9740926543656	-13.1184323835819	-18.3259995238631	-1.4189732490559	0.97554285280668
0	2.1991148575	-10.7004493440117	-11.872158970882	-16.9627834903807	-1.39990780759293	0.578207412005585
0	2.2514747351	-9.68343129642945	-10.8815509428103	-15.861568812735	-1.46464979058572	0.288066459937635
0	2.3038346126	-9.03304262823111	-10.1973450791809	-15.3193808606055	-1.5832609027673	0.0599514499811812
0	2.3561944902	-8.76141437251127	-9.82865444822858	-15.3793340692019	-1.7366891886462	-0.129659487282466
0	2.4085543678	-8.85243910364173	-9.76911718380243	-16.0583938689659	-1.91406884933997	-0.282208613135663
0	2.4609142453	-9.28233126452302	-10.0009796243336	-17.4493803727068	-2.11018533011843	-0.379260397302645
0	2.5132741229	-9.9833078771581	-10.4696893026233	-19.7323024805168	-2.32031003315039	-0.371629344201732
0	2.5656340004	-10.805745680044	-11.0910056913059	-22.7730291728816	-2.53409780155332	-0.13679823262786
0	2.617993878	-11.5529428833659	-11.7939602689253	-24.2302536766337	-2.73256590806226	0.432782860063357
0	2.6703537556	-12.1644695123024	-12.6025316989325	-22.3441451140897	-2.89040449996143	0.896955432950027
0	2.7227136331	-12.8023688491005	-13.5950061379344	-20.5797595593311	-2.98835051984696	1.06941904194405
0	2.7750735107	-13.7490155848868	-14.8411154110296	-20.2788485389631	-3.0212098387177	1.1026230387612
0	2.8274333882	-15.23425110008	-16.3454831730324	-21.6978218764271	-3.00546171500345	1.06107607778379
0	2.8797932658	-17.3486832389548	-18.0879208226521	-25.4030631095373	-2.9902427603075	0.924277536612709
0	2.9321531434	-19.8608502999798	-20.0779580669741	-32.9800414748222	-3.06824208845669	0.382161539544064
0	2.9845130209	-21.4210342266365	-21.7679428418954	-32.5690262464265	2.91347084671751	-1.21590614402683
0	3.0368728985	-20.2997989910999	-21.181027778643	-27.6599218543325	2.42957397024295	-1.62011542879202
0	3.089232776	-17.9080227477023	-18.5685304891437	-26.4131557923394	2.0947075287662	-1.71124337936291
0	3.1415926536	-15.8268437848005	-16.1478436882121	-27.2991492917179	1.94731026492171	-1.6685743331576
0.05235987756	-3.1415926536	-15.8290517529214	-16.0504760247386	-28.8648843742956	-1.20066081688808	1.36950973300083
0.05235987756	-3.089232776	-14.4471507055043	-14.5267538320695	-31.8554333292056	-1.24990461584016	1.63960432534045
0.05235987756	-3.0368728985	-13.7342390698934	-13.7946004173075	-32.3346386432587	-1.26625876990745	2.26537567082607
0.05235987756	-2.9845130209	-13.5997751002082	-13.7354621527387	-28.7199010182618	-1.27729066277001	2.60318559551704
0.05235987756	-2.9321531434	-13.8896660425406	-14.2074068251608	-25.4046813678016	-1.30156400901693	2.63527225953332
0.05235987756	-2.8797932658	-14.4404616335226	-15.0665313600529	-23.1613526831724	-1.35033879098278	2.59786615209298
0.05235987756	-2.8274333882	-15.1685499968101	-16.1760392290091	-22.0079996098559	-1.42228843210492	2.58760146609585
0.05235987756	-2.7750735107	-16.1681706087413	-17.4930299081881	-21.9699187542978	-1.49741218800041	2.65858715800713
0.05235987756	-2.7227136331	-17.6280784364357	-19.1674038198491	-22.8795702365243	-1.53775381196045	2.88265937002511
0.05235987756	-2.6703537556	-19.4652827117672	-21.6165376932507	-23.5475243230258	-1.48745303388442	-2.94275136707448
0.05235987756	-2.617993878	-20.3716448406813	-25.3200784226822	-22.0465870715256	-1.22167852929285	-2.41664257776862
0.05235987756	-2.5656340004	-18.9942009093633	-28.4454598255063	-19.51725765216	-0.442361638707942	-2.08451008062355
0.05235987756	-2.5132741229	-16.9608402225083	-25.8275440303973	-17.5647313682419	0.361472113136262	-1.90358479707844
0.05235987756	-2.4609142453	-15.5577918501996	-22.796477439025	-16.4668137723812	0.72741010403753	-1.78386131323588
0.05235987756	-2.4085543678	-14.9108163159411	-21.1218731180399	-16.0985299750709	0.957954296410974	-1.67198895661462
0.05235987756	-2.3561944902	-14.7839855629515	-20.2292386238565	-16.243438219964	1.16719880368787	-1.53317771912728
0.05235987756	-2.3038346126	-14.783391532054	-19.4767538715388	-16.5837588774605	1.36647631598712	-1.34421498125844
0.05235987756	-2.2514747351	-14.5018898548717	-18.4706650715425	-16.7274750660412	1.52025167126216	-1.10610551801831
0.05235987756	-2.1991148575	-13.8053874117671	-17.2434450466498	-16.4263096223452	1.59770170427664	-0.853350308756275
0.05235987756	-2.14675498	-12.8820079089895	-16.0051290538065	-15.7823434927645	1.60557067872404	-0.62595065478815
0.05235987756	-2.0943951024	-12.0076230926418	-14.9575050310645	-15.0791934608733	1.57174596275461	-0.436387146126202
0.05235987756	-2.0420352248	-11.3796919039331	-14.2824125045711	-14.5003039063948	1.52061040329697	-0.274624222947487
0.05235987756	-1.9896753473	-11.0772342164569	-14.1040796658303	-14.0710514752402	1.46274935708075	-0.127275661281795
0.05235987756	-1.9373154697	-11.098167615243	-14.4974043953723	-13.7515173961011	1.39447930931759	0.0127270286433087
0.05235987756	-1.8849555922	-11.3194366391982	-15.4155649364223	-13.4618126672363	1.29906005476464	0.146700387064984
0.05235987756	-1.8325957146	-11.5511135440166	-16.6323729056359	-13.164926558267	1.14825179661984	0.273447079899724
0.05235987756	-1.780235837	-11.5857395992064	-17.5756776998294	-12.8453958648834	0.922816975397208	0.39321817483405
0.05235987756	-1.7278759595	-11.3386040727656	-17.5612429711442	-12.5226811611627	0.663772062595237	0.510178447265443
0.05235987756	-1.6755160819	-10.8517243661394	-16.5880274547679	-12.2001690556447	0.454166636884728	0.628916077697741
0.05235987756	-1.6231562044	-10.2345967661302	-15.2632821458336	-11.8722796768739	0.319275991595629	0.752382111894786
0.05235987756	-1.5707963268	-9.58560380807011	-14.0158551083712	-11.5275907245207	0.230389162845603	0.877506285676602
0.05235987756	-1.5184364492	-8.96378628526232	-12.9659351465191	-11.1671738633695	0.159472440087863	0.997741926453124
0.05235987756	-1.4660765717	-8.39423389117175	-12.0909888209484	-10.8119175323726	0.0971067109019801	1.10326670701528
0.05235987756	-1.4137166941	-7.8770583689932	-11.3134949123301	-10.499324093674	0.0505645992847356	1.18842405830912
0.05235987756	-1.3613568166	-7.42205348984404	-10.6097998998276	-10.2618734890429	0.0357281682404423	1.25017946106262
0.05235987756	-1.308996939	-7.04962853299383	-10.0059496330625	-10.1145867070209	0.0671049326514172	1.28814805920444
0.05235987756	-1.2566370614	-6.77248880007788	-9.52895291034909	-10.052386797543	0.152029894382877	1.3039332227244
0.05235987756	-1.2042771839	-6.60381418114251	-9.19963726586631	-10.0723613850752	0.291733019507248	1.29791044567821
0.05235987756	-1.1519173063	-6.53246013781378	-9.00109876147852	-10.1617358254327	0.485331251717584	1.26829199840823
0.05235987756	-1.0995574288	-6.51231544316183	-8.86964774266836	-10.2914323399485	0.734135869691364	1.21087741149419
0.05235987756	-1.0471975512	-6.42801653463734	-8.65660563127661	-10.3923081396967	1.04143483485902	1.12253666785197
0.05235987756	-0.9948376736	-6.06970687548395	-8.09785755773812	-10.3512302819284	1.399708911678	1.00580968571837
0.05235987756	-0.9424777961	-5.22678404587866	-6.95492882447643	-10.064283382252	1.77694936959882	0.878342295670107
0.05235987756	-0.8901179185	-3.89387451789378	-5.27597940581682	-9.53904869648922	2.12783897188205	0.766100442314595
0.05235987756	-0.837758041	-2.29104499425108	-3.35322359559554	-8.92718302667062	2.42959943262569	0.691982882788083
0.05235987756	-0.7853981634	-0.663189563231141	-1.45970119598588	-8.42128217370935	2.68630419580003	0.663910750561142
0.05235987756	-0.7330382858	0.831474285343461	0.247783099887392	-8.17311489586001	2.91226607342331	0.679383102353323
0.05235987756	-0.6806784083	2.13568907015939	1.72206904334173	-8.28130722188641	3.12016033242039	0.732352258576793
0.05235987756	-0.6283185307	3.20357097903887	2.9209042038633	-8.8020913322857	-2.96514502342737	0.81637633457811
0.05235987756	-0.5759586532	4.03536863664232	3.85099346628844	-9.77731157659771	-2.77246946091694	0.92754181925378
0.05235987756	-0.5235987756	4.6155340566553	4.50120708855214	-11.2378602762754	-2.58207161136889	1.06734600188355
0.05235987756	-0.47123889804	4.94470302533809	4.87745131056817	-13.1896889293491	-2.39249815830078	1.2462305112538
0.05235987756	-0.41887902048	5.02604612254438	4.98741052566699	-15.5012242076593	-2.20348457547144	1.48932731973193
0.05235987756	-0.36651914292	4.88283816576493	4.858423012769	-17.6306123036359	-2.01465767900379	1.82921656433232
0.05235987756	-0.31415926536	4.55056550344318	4.52898076037797	-18.4965966773655	-1.82801428667754	2.23007647606107
0.05235987756	-0.2617993878	4.0767865001729	4.04808717792221	-17.7366819640998	-1.64754896700229	2.54980705273432
0.05235987756	-0.20943951024	3.54720055221874	3.50076678050404	-16.1854991418705	-1.47850889405595	2.73025992667577
0.05235987756	-0.15707963268	3.04747620915815	2.97080949183345	-14.5225751879575	-1.32650679570775	2.82433618208088
0.05235987756	-0.10471975512	2.67991695799634	2.56269199793788	-13.0662058622591	-1.19409182889566	2.88860115019728
0.05235987756	-0.05235987756	2.52984093100954	2.37349230013293	-11.985001147707	-1.07822060665501	2.95382290172618
0.05235987756	-4.4408920985E-16	2.63879947077107	2.46428631061393	-11.4077262095462	-0.970680679679892	3.03197029419308
0.05235987756	0.05235987756	2.96723860697712	2.80688512185985	-11.4397505227872	2.28041973134872	-0.0135340748112795
0.05235987756	0.10471975512	3.44225072342403	3.32221744757494	-12.2024542099799	2.39701373437465	0.106926681796129
0.05235987756	0.15707963268	3.95577974286766	3.88374403617823	-13.8825532276811	2.520755911813	0.270285158362144
0.05235987756	0.20943951024	4.42228618153029	4.3888985128701	-16.736379121867	2.64847671144038	0.534471453418842
0.05235987756	0.2617993878	4.77237654782653	4.75944376891249	-20.4950128162629	2.77536518052459	1.0833797537598
0.05235987756	0.31415926536	4.96922105889736	4.95804103399382	-20.9297831579277	2.8969154976323	1.99486312257115
0.05235987756	0.36651914292	5.00525348309976	4.98221316072859	-17.7592191852795	3.00872460423247	2.54675432135868
0.05235987756	0.41887902048	4.92123638735522	4.88096134144819	-15.426368245047	3.10658699309305	2.77731931400518
0.05235987756	0.47123889804	4.7637292107286	4.70913587527755	-14.2699856864165	-3.09691344351702	2.87722695059746
0.05235987756	0.5235987756	4.60879297730501	4.54820678912082	-13.9755717182801	-3.03744434971698	2.90257776201272
0.05235987756	0.5759586532	4.53735754919178	4.47871031676965	-14.1873009564959	-2.99609818530883	2.86598015089027
0.05235987756	0.6283185307	4.59123492383297	4.53719553089484	-14.4864952519647	-2.96571791683639	2.7731934285383
0.05235987756	0.6806784083	4.76942601546683	4.71668072042841	-14.4129257940508	-2.9361071935242	2.64964116869031
0.05235987756	0.7330382858	5.01780576772372	4.95995861637377	-13.7661090440225	-2.89836783505397	2.54357686518248
0.05235987756	0.7853981634	5.26658699110868	5.19713367696269	-12.7290067587656	-2.84750317275052	2.49038472069589
0.05235987756	0.837758041	5.47062774596862	5.38498730424111	-11.6231762353364	-2.78356494896343	2.49138227168499
0.05235987756	0.8901179185	5.59087617640634	5.48744653850529	-10.6921290787162	-2.70942993148583	2.53193278820586
0.05235987756	0.9424777961	5.60718788265287	5.48806144769299	-10.0700008471793	-2.6297592031356	2.59816620893034
0.05235987756	0.9948376736	5.52022497317908	5.39116375234926	-9.81403125519135	-2.5509062744432	2.68306679946746
0.05235987756	1.0471975512	5.32209132222293	5.1901161967831	-9.91665141549027	-2.47630321702726	2.78417835464633
0.05235987756	1.0995574288	5.01022840194017	4.88072303548604	-10.3093288354082	-2.40983692180099	2.90135085686315
0.05235987756	1.1519173063	4.59513774786329	4.47004470745403	-10.872770272707	-2.35281326215561	3.02943339712734
0.05235987756	1.2042771839	4.08241314805125	3.95935916559246	-11.4558549449122	-2.30507212467079	-3.12706114073164
0.05235987756	1.2566370614	3.49475609520633	3.36859233067474	-11.9366697970441	-2.26678560338554	-3.02135538056533
0.05235987756	1.308996939	2.84356396336481	2.70761251156483	-12.2682390541258	-2.23787593524563	-2.95450434727632
0.05235987756	1.3613568166	2.14272971178455	1.98972533713705	-12.4643525077224	-2.21951443251053	-2.93196590962356
0.05235987756	1.4137166941	1.39999786184957	1.22150728506128	-12.5506319567818	-2.21386300009304	-2.94461301330405
0.05235987756	1.4660765717	0.615133564644504	0.401927502455919	-12.5808809803819	-2.22313881877484	-2.97533836507734
0.05235987756	1.5184364492	-0.219964753279996	-0.47705470597366	-12.6248676929103	-2.24863910223762	-3.00897044722983
0.05235987756	1.5707963268	-1.11570718125086	-1.42482419424089	-12.745963009326	-2.28965957113997	-3.03881607884526
0.05235987756	1.6231562044	-2.08407879519732	-2.45273412377044	-12.9787405910834	-2.34268939768873	-3.06719936637193
0.05235987756	1.6755160819	-3.13522334909109	-3.5722601980114	-13.3245719935119	-2.40123022684435	-3.10296222726693
0.05235987756	1.7278759595	-4.2861350598602	-4.80311826777787	-13.7851414770738	-2.45667039993001	3.12647889030425
0.05235987756	1.780235837	-5.56845477912041	-6.18190885764366	-14.3715944394721	-2.49829526686578	3.04614004866106
0.05235987756	1.8325957146	-7.02313061644879	-7.75055957793262	-15.1417067699772	-2.5130296714454	2.93416415402005
0.05235987756	1.8849555922	-8.6939794486465	-9.5361720097796	-16.2320019763809	-2.48394127351719	2.78491538065944
0.05235987756	1.9373154697	-10.5841847752308	-11.4885749111634	-17.8428203964577	-2.38698667241721	2.5799669275237
0.05235987756	1.9896753473	-12.4907398077361	-13.3076121859401	-20.1490769271502	-2.19448889081494	2.26210890992079
0.05235987756	2.0420352248	-13.6937060855079	-14.2962360651904	-22.5695450734998	-1.91691790237558	1.69909289430609
0.05235987756	2.0943951024	-13.4018466285668	-13.9994341237872	-22.3110428601043	-1.65690081137279	0.931418504454633
0.05235987756	2.14675498	-12.0932734344773	-12.9293030697663	-19.6602109537071	-1.51112468627305	0.392542363761616
0.05235987756	2.1991148575	-10.7155381038468	-11.7674683947273	-17.3888655108392	-1.4825436685354	0.0833871704460755
0.05235987756	2.2514747351	-9.67123221964829	-10.8073998345522	-16.0503573278139	-1.53772505441813	-0.12720451630369
0.05235987756	2.3038346126	-9.02681012574562	-10.1247530812806	-15.5362676151828	-1.64757560574946	-0.296212119383631
0.05235987756	2.3561944902	-8.75989023319385	-9.73049524763926	-15.7435759482916	-1.79263417318464	-0.441290282301153
0.05235987756	2.4085543678	-8.84347946434102	-9.63369654977914	-16.6329776461105	-1.96143632937786	-0.557995036399821
0.05235987756	2.4609142453	-9.24102926969884	-9.81690514763351	-18.3003401922851	-2.14823596871135	-0.622103867706697
0.05235987756	2.5132741229	-9.88092374916737	-10.234212706135	-20.9529133112683	-2.3476948029371	-0.571907418701135
0.05235987756	2.5656340004	-10.6226959298082	-10.8087481697136	-24.3968840346046	-2.55031702770199	-0.247553803892721
0.05235987756	2.617993878	-11.306242827598	-11.4826465618415	-25.3069115162527	-2.7371933820406	0.442225263263834
0.05235987756	2.6703537556	-11.9063716288358	-12.2775704921687	-22.7724259190453	-2.88624598855285	0.894980883613304
0.05235987756	2.7227136331	-12.593860443257	-13.2736452495562	-20.9834488222269	-2.97991492587271	1.05142796911169
0.05235987756	2.7750735107	-13.6115877548616	-14.5297909877769	-20.811058557333	-3.01425108497556	1.08932500716077
0.05235987756	2.8274333882	-15.1679591080707	-16.0736273538386	-22.4210783645553	-3.00557200831386	1.06476309984457
0.05235987756	2.8797932658	-17.3300585222323	-17.8929765532181	-26.48186932905	-3.00123794551081	0.957755087914757
0.05235987756	2.9321531434	-19.8530599634478	-19.9721451093509	-35.5317336626708	-3.09243070209944	0.418983096720032
0.05235987756	2.9845130209	-21.4124592579588	-21.6873241541331	-33.5358172185679	2.87567076680876	-1.41716087337081
0.05235987756	3.0368728985	-20.2857739452279	-21.0128076541146	-28.4065183900415	2.39529667453001	-1.72832875187704
0.05235987756	3.089232776	-17.8935459178066	-18.4067090128618	-27.4228902371987	2.07644760877622	-1.80440774738037
0.05235987756	3.1415926536	-15.8290517529214	-16.0504760247386	-28.8648843742956	1.94093183670172	-1.77208292058896
0.10471975512	-3.1415926536	-15.8265341174676	-15.9724473343648	-30.6361832529423	-1.20722598631446	1.21708335146625
0.10471975512	-3.089232776	-14.4660222237849	-14.498718210068	-35.7152586485233	-1.24862613246233	1.48024148052266
0.10471975512	-3.0368728985	-13.7793611715671	-13.8016289250731	-36.6915693518904	-1.25751948999921	2.56378528564529
0.10471975512	-2.9845130209	-13.6515147035496	-13.7427793836652	-30.4718828860136	-1.26037046170488	2.90840473133165
0.10471975512	-2.9321531434	-13.9373074470528	-14.1961172135348	-26.3141062162145	-1.2732509308617	2.86113334900856
0.10471975512	-2.8797932658	-14.4542706716879	-15.0061234488367	-23.6868864390359	-1.30580777428645	2.77477004166792
0.10471975512	-2.8274333882	-15.1292771493485	-16.0511167311624	-22.3133366365614	-1.3548534792917	2.73131961790857
0.10471975512	-2.7750735107	-16.0718036371825	-17.2904378802145	-22.1859915231553	-1.39910093989181	2.77235957398685
0.10471975512	-2.7227136331	-17.4946305954932	-18.8478699282652	-23.2177921765727	-1.3988230838397	2.96851463668731
0.10471975512	-2.6703537556	-19.3304860935565	-21.0131349397673	-24.2625887520965	-1.29223427421212	-2.84758547577882
0.10471975512	-2.617993878	-20.1839698119026	-23.7640331579101	-22.6906601704166	-0.962130046477941	-2.26527281126296
0.10471975512	-2.5656340004	-18.6174486945675	-25.0529871327192	-19.7368887828835	-0.30811478787984	-1.92323094117985
0.10471975512	-2.5132741229	-16.4212925387821	-23.0734385238982	-17.4790460876434	0.281782676687081	-1.76349707978662
0.10471975512	-2.4609142453	-14.9260634945796	-20.8219436426806	-16.2178329460887	0.60873575269081	-1.67658083599642
0.10471975512	-2.4085543678	-14.2617361624418	-19.4797491382619	-15.815381590704	0.820170201589863	-1.60488694744974
0.10471975512	-2.3561944902	-14.2618736153396	-18.8421399782103	-16.1215027069153	0.999737537520403	-1.51010812203272
0.10471975512	-2.3038346126	-14.6033980827973	-18.4598179278812	-16.9058507349317	1.17131511012128	-1.35561394892055
0.10471975512	-2.2514747351	-14.8348793346152	-17.9336611698911	-17.7584641806352	1.32034968096424	-1.11101821771506
0.10471975512	-2.1991148575	-14.5319674149825	-17.0974065773435	-18.0379521208218	1.42031335542877	-0.790926693303731
0.10471975512	-2.14675498	-13.7118826092632	-16.0810355340765	-17.4746535450161	1.46263585051455	-0.473946855127537
0.10471975512	-2.0943951024	-12.7415988132017	-15.1177737428402	-16.4947094899802	1.46222268659035	-0.220190343765743
0.10471975512	-2.0420352248	-11.9432306120808	-14.4266250873162	-15.5533050284218	1.43838394504016	-0.0252703975737214
0.10471975512	-1.9896753473	-11.4623931062883	-14.1639295065498	-14.805099950544	1.40160055310628	0.135349410184076
0.10471975512	-1.9373154697	-11.2960180635055	-14.3975580764881	-14.2169554321173	1.35065916938775	0.278610247990481
0.10471975512	-1.8849555922	-11.3298870117818	-15.0879968226698	-13.702424722794	1.27324546646298	0.410818663953552
0.10471975512	-1.8325957146	-11.3853525072645	-16.0361842831886	-13.2077303553934	1.14904019477956	0.532651913230563
0.10471975512	-1.780235837	-11.3008208093598	-16.8016377060682	-12.738277821325	0.96500220189336	0.645494833971851
0.10471975512	-1.7278759595	-11.0070693747774	-16.8706670898761	-12.3100779420585	0.746968845779873	0.753301797881209
0.10471975512	-1.6755160819	-10.5463367948418	-16.1451215723065	-11.9459525890074	0.554614045846828	0.86212714740548
0.10471975512	-1.6231562044	-10.0042629353581	-15.025534239047	-11.6453459919022	0.417170660727884	0.976539818870965
0.10471975512	-1.5707963268	-9.44338641834795	-13.8909340220897	-11.3756508759052	0.321421899992698	1.09637861925991
0.10471975512	-1.5184364492	-8.89755255999743	-12.8846227219118	-11.1109341879983	0.24664641788844	1.21465030461389
0.10471975512	-1.4660765717	-8.37546510205527	-12.004595586154	-10.844214880017	0.18438878119306	1.32194640667959
0.10471975512	-1.4137166941	-7.88385980590062	-11.2102679286749	-10.5995071818212	0.140154341757863	1.40935744248031
0.10471975512	-1.3613568166	-7.44047031891505	-10.4780010920859	-10.4237091363618	0.126601166379364	1.47188756452338
0.10471975512	-1.308996939	-7.07380632134263	-9.82958472701125	-10.3544779846477	0.155544368461648	1.50886243928356
0.10471975512	-1.2566370614	-6.8168782613504	-9.30497693532788	-10.4208627247937	0.23318334712667	1.52118602160609
0.10471975512	-1.2042771839	-6.6923791036911	-8.92645057483238	-10.6485075801276	0.36073319738237	1.50805869124639
0.10471975512	-1.1519173063	-6.69685952916169	-8.68987792304361	-11.0380564712242	0.53888039595348	1.46375187419576
0.10471975512	-1.0995574288	-6.77964007188146	-8.54838024481391	-11.5352396521477	0.770072961865673	1.37632405332728
0.10471975512	-1.0471975512	-6.78598341882337	-8.35760160184359	-11.9624937006747	1.05901997373043	1.23277462181345
0.10471975512	-0.9948376736	-6.44681894691498	-7.86660118383739	-11.993013370505	1.40166239681702	1.03842686822198
0.10471975512	-0.9424777961	-5.52740476594725	-6.83491394592143	-11.3781654811948	1.76946270045752	0.836521218458596
0.10471975512	-0.8901179185	-4.07206283879437	-5.26405601651556	-10.2695416286525	2.1192327397136	0.683503259690272
0.10471975512	-0.837758041	-2.37281127838208	-3.41783354594317	-9.07143768154208	2.42510508279698	0.601716566836798
0.10471975512	-0.7853981634	-0.693047824582899	-1.56497318778148	-8.09476900362704	2.68806625264375	0.582720234006126
0.10471975512	-0.7330382858	0.825012917750278	0.131178675445097	-7.48257234471301	2.92002835200129	0.610978016982109
0.10471975512	-0.6806784083	2.12697065438007	1.59843043577607	-7.2816823399106	3.13273265297896	0.673151891752052
0.10471975512	-0.6283185307	3.19991907147482	2.81341662519384	-7.49821968185543	-2.94916200978561	0.760080746364047
0.10471975512	-0.5759586532	4.0240217821225	3.75087388221003	-8.12570083238614	-2.75427371921026	0.866399354404162
0.10471975512	-0.5235987756	4.60191607165888	4.41472251498372	-9.14627867418014	-2.56319998898517	0.990107363101603
0.10471975512	-0.47123889804	4.9283376923276	4.80272925584796	-10.52197017187	-2.37409332240683	1.13538643208539
0.10471975512	-0.41887902048	5.00905241084406	4.92465510978391	-12.1476354294977	-2.18570457999636	1.31308925529962
0.10471975512	-0.36651914292	4.86124634725787	4.80107666987147	-13.7528700408161	-1.99913330124176	1.54207615628114
0.10471975512	-0.31415926536	4.5242460690428	4.47350146539037	-14.825045993443	-1.8150794239872	1.82751130380964
0.10471975512	-0.2617993878	4.05417081977161	3.99804257896409	-14.8598918824936	-1.63761637429201	2.12677964615502
0.10471975512	-0.20943951024	3.5258533123594	3.44752336836882	-13.9518177473764	-1.47219816395338	2.37346451595574
0.10471975512	-0.15707963268	3.03134973728831	2.91241477749145	-12.6527298417798	-1.32401385384024	2.54918583719514
0.10471975512	-0.10471975512	2.67441489629227	2.50153691332721	-11.4121836067125	-1.19565023734436	2.67544919203396
0.10471975512	-0.05235987756	2.52829858741409	2.30495046050954	-10.4709168571892	-1.08327507856974	2.77559331114163
0.10471975512	-4.4408920985E-16	2.63908851508567	2.39267973450966	-9.94481468085356	-0.978792916328907	2.86560649280837
0.10471975512	0.05235987756	2.96218693832512	2.7324477606515	-9.91766877538253	2.27033944425478	-0.188242015646257
0.10471975512	0.10471975512	3.43339622501393	3.25262971570136	-10.4633369284181	2.3855191525896	-0.0967147413734767
0.10471975512	0.15707963268	3.94370387809953	3.82355906800433	-11.6970229991696	2.50844571151578	0.00625136030710214
0.10471975512	0.20943951024	4.40448500466401	4.33853209053628	-13.813952937213	2.63510715019449	0.138289466298612
0.10471975512	0.2617993878	4.75438096831322	4.72623100343644	-17.1427509514609	2.76130182878982	0.350566391889574
0.10471975512	0.31415926536	4.94981056068746	4.94073936642875	-21.855922685827	2.88197500465603	0.828050375649296
0.10471975512	0.36651914292	4.99736688700265	4.99138047963813	-23.6118064209907	2.99323153918276	1.81323860987924
0.10471975512	0.41887902048	4.91471862167413	4.90177026410779	-20.3474502230398	3.09064020898452	2.4210785659801
0.10471975512	0.47123889804	4.76183539429218	4.73938137833189	-18.1142896194528	-3.11280640516387	2.63430652759515
0.10471975512	0.5235987756	4.60969600416516	4.58169905815734	-17.3110314641049	-3.05284534249084	2.69980127921698
0.10471975512	0.5759586532	4.52993387104227	4.50257511660605	-17.4906182245307	-3.01098897994199	2.67124498884095
0.10471975512	0.6283185307	4.57014260320934	4.54667223566794	-18.114231502386	-2.98051536535745	2.54379037897186
0.10471975512	0.6806784083	4.72662743097479	4.70495642375065	-18.3032557108482	-2.95172740715737	2.32972716027454
0.10471975512	0.7330382858	4.95899160825976	4.93366874966956	-17.3963794840854	-2.91591083615182	2.12150953794132
0.10471975512	0.7853981634	5.20507471202142	5.17013190403168	-15.7566500728249	-2.8679892208127	2.01320555318418
0.10471975512	0.837758041	5.4054373542245	5.35598811459876	-14.0555107398818	-2.80710849353021	2.00209087279506
0.10471975512	0.8901179185	5.52688377394559	5.46052964251807	-12.6654144767321	-2.7360286393533	2.04866828619921
0.10471975512	0.9424777961	5.54742630465641	5.46544403421127	-11.7341440444227	-2.6591130555787	2.1222742661592
0.10471975512	0.9948376736	5.46462728835705	5.37257177960653	-11.3186644517889	-2.58190833430789	2.20781929458738
0.10471975512	1.0471975512	5.26812516322048	5.17419993467962	-11.4287733209756	-2.50878459543591	2.30081296060694
0.10471975512	1.0995574288	4.95418215401826	4.86594388824891	-12.0111357533815	-2.44312519930962	2.40243688130964
0.10471975512	1.1519173063	4.53412589593501	4.45554522938529	-12.9297912243201	-2.38625742580293	2.51413200988787
0.10471975512	1.2042771839	4.01936020733313	3.94926710611932	-13.9367295658908	-2.33914049431722	2.6304878880843
0.10471975512	1.2566370614	3.42416591152489	3.35730365413989	-14.7352550888832	-2.30058139184828	2.73520395924685
0.10471975512	1.308996939	2.77113778716618	2.69996688107025	-15.11921723218	-2.27157721853056	2.80567118715204
0.10471975512	1.3613568166	2.07297916695155	1.98854247979839	-15.0817020325324	-2.25308974966221	2.83409554260298
0.10471975512	1.4137166941	1.33651201161781	1.22976603867553	-14.8110797666526	-2.24697418678624	2.83384970093603
0.10471975512	1.4660765717	0.557514037273005	0.421636948771743	-14.5566281647056	-2.25525232624377	2.82602675886607
0.10471975512	1.5184364492	-0.278722081792119	-0.445693496976485	-14.5133621463718	-2.27922847414466	2.82451637932497
0.10471975512	1.5707963268	-1.18821133273772	-1.38290461155649	-14.7695278310769	-2.31837648879063	2.8332979138613
0.10471975512	1.6231562044	-2.18458741435957	-2.40156026014402	-15.3064114442506	-2.36971350062939	2.84762499429864
0.10471975512	1.6755160819	-3.27520109575355	-3.51175903959255	-16.0314109446352	-2.42755481420966	2.85553406562006
0.10471975512	1.7278759595	-4.47348011047739	-4.73260840924456	-16.8450947339497	-2.4834683561863	2.83987769074045
0.10471975512	1.780235837	-5.80349376667274	-6.09338958423436	-17.7030590371614	-2.52701692346998	2.7855353004918
0.10471975512	1.8325957146	-7.30481733809528	-7.63180881916358	-18.6997660218473	-2.54544331006035	2.68402867810471
0.10471975512	1.8849555922	-9.02258236843679	-9.37454959575827	-20.1101983640099	-2.52216410754964	2.52558153373155
0.10471975512	1.9373154697	-10.9601960036075	-11.2837695288072	-22.3990916205973	-2.43403998274615	2.26556836467327
0.10471975512	1.9896753473	-12.8595825949268	-13.0914349422436	-25.7007211865167	-2.25547773059136	1.71991503197481
0.10471975512	2.0420352248	-13.8781683318648	-14.1752571335968	-25.6748462651958	-1.99262426306733	0.721071932345497
0.10471975512	2.0943951024	-13.2850103401844	-14.0319822179781	-21.2979450007232	-1.73558112905458	0.0951740854133771
0.10471975512	2.14675498	-11.8385404957435	-13.0644774664468	-17.9302610481292	-1.58294694389246	-0.190982315509901
0.10471975512	2.1991148575	-10.4785870291515	-11.9384532692728	-15.9228047801057	-1.54647135126059	-0.369706150930045
0.10471975512	2.2514747351	-9.51331172207048	-10.9708332313838	-14.9634035421512	-1.59549947112629	-0.512901953451467
0.10471975512	2.3038346126	-8.95346646004972	-10.252247233113	-14.8291698583825	-1.70040062156953	-0.643390845458677
0.10471975512	2.3561944902	-8.74824593206202	-9.80499477581182	-15.4040370246226	-1.84069052053573	-0.763734891483247
0.10471975512	2.4085543678	-8.8581042359025	-9.64108682647186	-16.6840374008265	-2.0041789411846	-0.862999364234429
0.10471975512	2.4609142453	-9.2425502908691	-9.75143029320341	-18.8061953652863	-2.18411538236881	-0.911954719673358
0.10471975512	2.5132741229	-9.82886658997691	-10.0924322819078	-22.1289373175038	-2.37517956923122	-0.835654340636457
0.10471975512	2.5656340004	-10.4942474707713	-10.6038425089391	-26.5288639455841	-2.56750547700671	-0.399211604504634
0.10471975512	2.617993878	-11.1168390196052	-11.2410665259595	-26.6144701498132	-2.7445566037861	0.48040849005287
0.10471975512	2.6703537556	-11.7020219095081	-12.0186187915898	-23.232135519473	-2.88587316695115	0.903441840411665
0.10471975512	2.7227136331	-12.4278261029305	-13.0121319511168	-21.4281447479768	-2.97595863598731	1.03640083770146
0.10471975512	2.7750735107	-13.5192242015424	-14.2878671667463	-21.4184753961343	-3.01186554817884	1.07707824892217
0.10471975512	2.8274333882	-15.1472277707239	-15.8745109118131	-23.2666037221696	-3.0097397684994	1.07170534423091
0.10471975512	2.8797932658	-17.3530792432852	-17.7664356802889	-27.7727143650373	-3.01568390292082	1.00464892931366
0.10471975512	2.9321531434	-19.8871874982068	-19.9374167081727	-39.2805575367711	-3.12016594380096	0.499552427516804
0.10471975512	2.9845130209	-21.4041271557673	-21.6383753719492	-34.2018050158783	2.83427739345285	-1.663880486158
0.10471975512	3.0368728985	-20.2577781103579	-20.8585705742092	-29.1453102363601	2.3601754206606	-1.85733943387388
0.10471975512	3.089232776	-17.8763541284731	-18.2696041490361	-28.5026511272258	2.05877753128506	-1.92268257796695
0.10471975512	3.1415926536	-15.8265341174676	-15.9724473343648	-30.6361832529423	1.93436666727534	-1.92450930212354
0.15707963268	-3.1415926536	-15.8284733328758	-15.9229974925644	-32.4980645523766	-1.21346030907124	0.984664610046307
0.15707963268	-3.089232776	-14.4904127410149	-14.4995798937399	-41.2504939564286	-1.24724954387812	0.983658539597785
0.15707963268	-3.0368728985	-13.8218092417414	-13.8305133669737	-40.8067523814984	-1.2487815355587	-2.87247257638725
0.15707963268	-2.9845130209	-13.7064717172848	-13.7802433299499	-31.4422556497933	-1.24235459207605	-2.9632718951394
0.15707963268	-2.9321531434	-13.9758950983379	-14.2044137068099	-26.8782808074726	-1.24286347825327	3.12196832394365
0.15707963268	-2.8797932658	-14.4487701409611	-14.9546643884299	-24.0365078351292	-1.25828019764338	2.96464317850056
0.15707963268	-2.8274333882	-15.0545147933452	-15.9114969690191	-22.524087300234	-1.28460390519478	2.87806156829687
0.15707963268	-2.7750735107	-15.9168840763737	-17.0342560076516	-22.3594637484598	-1.30078538157656	2.88461621753383
0.15707963268	-2.7227136331	-17.2565610555869	-18.4138530737517	-23.5657785724578	-1.26872651763708	3.04964973945045
0.15707963268	-2.6703537556	-18.994410967649	-20.2184211775918	-25.0920443869296	-1.12939275553851	-2.75381075596763
0.15707963268	-2.617993878	-19.7501029346967	-22.1987190180986	-23.4056751591475	-0.794050806965529	-2.10035166269614
0.15707963268	-2.5656340004	-18.139953313501	-22.7837993074743	-19.9659778721648	-0.246215072952283	-1.75248514457205
0.15707963268	-2.5132741229	-15.9090574661196	-21.1907417252247	-17.4356027588866	0.243365273601776	-1.61717883291148
0.15707963268	-2.4609142453	-14.3672135895839	-19.3140211969548	-16.0429212129246	0.543573149005867	-1.56067619022524
0.15707963268	-2.4085543678	-13.6810750826167	-18.1084187250032	-15.6247023783644	0.736467860693829	-1.52320373970433
0.15707963268	-2.3561944902	-13.7340028533018	-17.5619884227529	-16.0564480089443	0.886560046812833	-1.46607229880387
0.15707963268	-2.3038346126	-14.2936640215086	-17.3921296165201	-17.2175526260467	1.0221205410742	-1.34620645398301
0.15707963268	-2.2514747351	-14.9392086103786	-17.2442047617717	-18.7919933300644	1.14721202350877	-1.10349070986944
0.15707963268	-2.1991148575	-15.07281680954	-16.865007614322	-19.7821407270012	1.24895759153521	-0.70372869096252
0.15707963268	-2.14675498	-14.4218886405652	-16.2035279021693	-19.1519422595279	1.31547807848395	-0.268694168913086
0.15707963268	-2.0943951024	-13.3767018402824	-15.4410430058029	-17.5980921921339	1.34676904099512	0.0484358945882427
0.15707963268	-2.0420352248	-12.4029145048319	-14.802491796566	-16.1240961133542	1.35248511495167	0.25724227229367
0.15707963268	-1.9896753473	-11.7139848800342	-14.4707181881717	-14.9935792183583	1.34024190673189	0.410145252516608
0.15707963268	-1.9373154697	-11.3262021828365	-14.5421306468378	-14.1401711154241	1.30969565257098	0.537973667138279
0.15707963268	-1.8849555922	-11.1431847890902	-15.0049130129345	-13.4419296575386	1.25249758801029	0.651397131418229
0.15707963268	-1.8325957146	-11.0231585251806	-15.7031728652978	-12.8303985777399	1.15461511492974	0.755348331913891
0.15707963268	-1.780235837	-10.8407800978307	-16.3177632595111	-12.2876239106793	1.00641121377336	0.85208246416731
0.15707963268	-1.7278759595	-10.5523444020508	-16.4571228298104	-11.8410356578806	0.822557518264717	0.946684454879585
0.15707963268	-1.6755160819	-10.1799115785258	-15.9721617907208	-11.5081638857579	0.644532562867666	1.04637752691997
0.15707963268	-1.6231562044	-9.76353176860914	-15.0668467901763	-11.2809983788578	0.50309148469494	1.15666513328568
0.15707963268	-1.5707963268	-9.3226383558892	-14.0374961512625	-11.1120049416145	0.398500482969914	1.27692969243469
0.15707963268	-1.5184364492	-8.86375512655867	-13.0513599051535	-10.9487858310662	0.319349216478664	1.40041710392203
0.15707963268	-1.4660765717	-8.38756337300344	-12.1342107311974	-10.7684515565468	0.258805378874447	1.51486855629644
0.15707963268	-1.4137166941	-7.90890584640287	-11.2738240915102	-10.5913703070557	0.220162332282399	1.60888765210647
0.15707963268	-1.3613568166	-7.46929058555135	-10.47727916927	-10.4819031459108	0.212302022029613	1.67621914634131
0.15707963268	-1.308996939	-7.11129183317524	-9.77165289261935	-10.5022182535908	0.243170759587692	1.7164887910784
0.15707963268	-1.2566370614	-6.8789544292356	-9.19815668894322	-10.7115306966835	0.317282640585297	1.7315325032322
0.15707963268	-1.2042771839	-6.80355383305131	-8.78571966419305	-11.1634501692447	0.436344740998466	1.72027623413121
0.15707963268	-1.1519173063	-6.88840570860815	-8.53439735336222	-11.899006227292	0.602672558943066	1.67301007769233
0.15707963268	-1.0995574288	-7.069835298059	-8.39056525304085	-12.8831807255712	0.821634362856032	1.56533582564946
0.15707963268	-1.0471975512	-7.15521927937396	-8.20800724421786	-13.8254187158777	1.09886447182623	1.36068421036136
0.15707963268	-0.9948376736	-6.80611550496351	-7.73481661986421	-13.9612778786516	1.43021890891299	1.05861889488675
0.15707963268	-0.9424777961	-5.77067803388908	-6.73781872731271	-12.7682246763879	1.78855584258651	0.765406961611934
0.15707963268	-0.8901179185	-4.1766501294293	-5.22287313265132	-10.8708656324717	2.13243198608992	0.585578706253688
0.15707963268	-0.837758041	-2.38507677485647	-3.43298866575165	-9.07309778423983	2.43691194449791	0.515021479793425
0.15707963268	-0.7853981634	-0.665495284374663	-1.6246139244444	-7.69535228873369	2.70156397073513	0.516167979668852
0.15707963268	-0.7330382858	0.86067655526776	0.0443875964481949	-6.8004808784383	2.93670454328894	0.561846132221868
0.15707963268	-0.6806784083	2.15379964394308	1.4968582024351	-6.37310784047089	-3.13054933094944	0.635794558423152
0.15707963268	-0.6283185307	3.21186118666624	2.70514677765664	-6.36924349150572	-2.92674472983989	0.728838096234893
0.15707963268	-0.5759586532	4.02619073096809	3.64680218227568	-6.74912362846877	-2.73057445145658	0.83555622089931
0.15707963268	-0.5235987756	4.59309722526753	4.3140609058417	-7.46690971586975	-2.53919246137858	0.953567641606026
0.15707963268	-0.47123889804	4.90977872192953	4.70552339236391	-8.46805782237368	-2.35084694286318	1.08568872153307
0.15707963268	-0.41887902048	4.98372628336088	4.83205041716571	-9.66056920910354	-2.16423710878349	1.23904417805414
0.15707963268	-0.36651914292	4.8281486087951	4.70949166492545	-10.8659563125838	-1.97970415786587	1.42779744347091
0.15707963268	-0.31415926536	4.48898666822538	4.38545751901975	-11.7898917372447	-1.79861758322499	1.6606822190427
0.15707963268	-0.2617993878	4.02200604980121	3.91410102425543	-12.0792611487171	-1.62490427924482	1.92332243225997
0.15707963268	-0.20943951024	3.50146083663346	3.36653499304385	-11.6427191184403	-1.46383410941484	2.17363462000815
0.15707963268	-0.15707963268	3.01628257557352	2.83018451489394	-10.7568588312532	-1.32042480644145	2.37766508031907
0.15707963268	-0.10471975512	2.66730953610977	2.41407058812427	-9.8012327918219	-1.19654830551801	2.53215801929199
0.15707963268	-0.05235987756	2.52822650127085	2.21354486223733	-9.027293385628	-1.08836151770421	2.65050439437159
0.15707963268	-4.4408920985E-16	2.63930647715435	2.29705647099021	-8.56510324473136	-0.987051743163341	2.74585293483966
0.15707963268	0.05235987756	2.96007735212679	2.63698733085396	-8.48507386719397	2.25942909685566	-0.312930954442638
0.15707963268	0.10471975512	3.42054690151131	3.15415468364325	-8.83459616180471	2.37335871284952	-0.236125785543936
0.15707963268	0.15707963268	3.92282912298584	3.7291133812391	-9.67986270220286	2.49486282810832	-0.158264013087278
0.15707963268	0.20943951024	4.38187768338705	4.25758289168638	-11.1134352965887	2.62060796474256	-0.0700115111041174
0.15707963268	0.2617993878	4.73048639084507	4.6614903605476	-13.2935680229014	2.74566811318439	0.0463128366454817
0.15707963268	0.31415926536	4.93040401624647	4.89860831872698	-16.4396436784251	2.86534053132588	0.232873083031449
0.15707963268	0.36651914292	4.97803761797138	4.96600855407026	-20.6035003191151	2.97564579764038	0.605931126377401
0.15707963268	0.41887902048	4.90236806680853	4.89624672882739	-23.6100717644398	3.07273420868421	1.33199201853349
0.15707963268	0.47123889804	4.75935056423744	4.7514280050595	-22.633798307582	-3.13030841040833	1.96674374663156
0.15707963268	0.5235987756	4.60140400387737	4.59074924384215	-21.5063286694822	-3.06926043880622	2.2119662423823
0.15707963268	0.5759586532	4.51252827231565	4.5020962468745	-21.6868434340429	-3.02598338100111	2.20961004972158
0.15707963268	0.6283185307	4.52590668402989	4.51711317864166	-22.414712099425	-2.99470161556206	1.97050375159199
0.15707963268	0.6806784083	4.65548995253247	4.64511645702821	-21.5682876451752	-2.96654377943256	1.57461997830814
0.15707963268	0.7330382858	4.86364074516393	4.8453508946153	-18.901242516189	-2.93291418350787	1.32594589243982
0.15707963268	0.7853981634	5.08992609588302	5.05740175606337	-16.182084138116	-2.88840324848681	1.28032697131078
0.15707963268	0.837758041	5.28131764950667	5.22984759172944	-14.0066885183966	-2.83172278659222	1.34250872497273
0.15707963268	0.8901179185	5.40398226375558	5.33132813227168	-12.39753411613	-2.76505666919369	1.44649302472943
0.15707963268	0.9424777961	5.42933097894605	5.33669694463424	-11.3270410393498	-2.69217069042755	1.55755097085744
0.15707963268	0.9948376736	5.35041586759754	5.24372443292337	-10.7993682019707	-2.61814673879373	1.65911453599133
0.15707963268	1.0471975512	5.15632331986172	5.04520057370665	-10.8189330413423	-2.54722857690736	1.74539404054405
0.15707963268	1.0995574288	4.8485282680295	4.74285354063842	-11.342333708877	-2.48268317876232	1.81663432012626
0.15707963268	1.1519173063	4.43010727683855	4.33599600045366	-12.2582898645615	-2.42664564970396	1.87682750518878
0.15707963268	1.2042771839	3.91513869974939	3.8326836724651	-13.3416953011029	-2.37984797004326	1.93262306385814
0.15707963268	1.2566370614	3.32736416569784	3.25108678234139	-14.264603953795	-2.3416040997983	1.99103521149894
0.15707963268	1.308996939	2.68266742843196	2.60327470947216	-14.7370048159482	-2.31347648778572	2.05411047399388
0.15707963268	1.3613568166	1.99588885898504	1.90248059981043	-14.7247218911619	-2.29577758647744	2.11644805294606
0.15707963268	1.4137166941	1.27295797431904	1.15580958478445	-14.4759644409104	-2.29040867557357	2.16981169031601
0.15707963268	1.4660765717	0.504768103785851	0.359690056468333	-14.3293950860224	-2.2990401939604	2.21065350110369
0.15707963268	1.5184364492	-0.329704979184784	-0.497130008315053	-14.5527878446834	-2.32279366382444	2.24036548844249
0.15707963268	1.5707963268	-1.25016113688462	-1.42583900517683	-15.2683765580513	-2.36127735528268	2.25966803253221
0.15707963268	1.6231562044	-2.26930406866733	-2.43767662205077	-16.4683484948952	-2.41173973804869	2.27034335874992
0.15707963268	1.6755160819	-3.39201436172295	-3.54431850842596	-18.0186697222142	-2.46894204268446	2.26697169061485
0.15707963268	1.7278759595	-4.62173383517712	-4.75883271642089	-19.6976069498421	-2.52528396148162	2.24093690881904
0.15707963268	1.780235837	-5.98137509171568	-6.11078703375227	-21.3040199546373	-2.57046156850279	2.1752680397194
0.15707963268	1.8325957146	-7.50741808001353	-7.63530245085389	-22.8808717616472	-2.59274639168226	2.04416448354213
0.15707963268	1.8849555922	-9.24612410386355	-9.3695485529149	-24.7715213169888	-2.57610397100338	1.78691019249312
0.15707963268	1.9373154697	-11.1691086495247	-11.2913905716151	-26.7343266994122	-2.49911893397712	1.23675496732841
0.15707963268	1.9896753473	-12.9281387547106	-13.1894438059887	-25.2645012731053	-2.33456404360063	0.407539689159066
0.15707963268	2.0420352248	-13.5868606000819	-14.4679682327235	-20.9475220596365	-2.07864491103935	-0.113329795828871
0.15707963268	2.0943951024	-12.7160412410851	-14.5157997845137	-17.4105889814991	-1.81154399508685	-0.374373075037281
0.15707963268	2.14675498	-11.274366051302	-13.6119023242978	-15.0810967766115	-1.64299162896022	-0.540078807397087
0.15707963268	2.1991148575	-10.0519686218136	-12.451075341791	-13.7737882612461	-1.59618516580494	-0.67329200899896
0.15707963268	2.2514747351	-9.2495811016186	-11.4097173933116	-13.3180048576961	-1.64048195923443	-0.797193164258465
0.15707963268	2.3038346126	-8.83491537647492	-10.6012700244348	-13.5952642242386	-1.74326586075955	-0.921459110127568
0.15707963268	2.3561944902	-8.73361100220669	-10.0540336031828	-14.5478213160557	-1.88169939200346	-1.04365174633292
0.15707963268	2.4085543678	-8.89216115679495	-9.78507703753327	-16.2007100644944	-2.04217005875086	-1.15065102092879
0.15707963268	2.4609142453	-9.27638436341651	-9.79119806949933	-18.7925908636299	-2.21756980938258	-1.21210715744449
0.15707963268	2.5132741229	-9.82161708557826	-10.0399168652495	-22.9176199191881	-2.40181157575101	-1.15190426960015
0.15707963268	2.5656340004	-10.4159480492575	-10.4744108651282	-29.1541924846768	-2.58610871362315	-0.623417717665887
0.15707963268	2.617993878	-10.9745645364592	-11.0603858955345	-28.0592937879157	-2.7547169468155	0.551870364851343
0.15707963268	2.6703537556	-11.5450554472718	-11.817328881264	-23.708271374177	-2.88920152912868	0.917885278154461
0.15707963268	2.7227136331	-12.3114127418707	-12.8141632495912	-21.9246812135417	-2.97640084323699	1.02299238777296
0.15707963268	2.7750735107	-13.476260983563	-14.1150877319466	-22.1157719037377	-3.01402497238615	1.0663992261472
0.15707963268	2.8274333882	-15.1756389029019	-15.7487653174205	-24.2543900187177	-3.01819562777273	1.08481339147765
0.15707963268	2.8797932658	-17.4266770081437	-17.7177698760524	-29.3089379797058	-3.03411973113577	1.07632091514612
0.15707963268	2.9321531434	-19.94469839532	-19.9561899612705	-45.7244938859978	3.13098608676005	0.794145893123214
0.15707963268	2.9845130209	-21.3956340413588	-21.61989443213	-34.3775991011273	2.78897125645658	-1.93949221911784
0.15707963268	3.0368728985	-20.21492767576	-20.7176486343488	-29.8284369216794	2.32423983802645	-2.01017685844628
0.15707963268	3.089232776	-17.8505773568317	-18.1502667476637	-29.6106898275583	2.04109437042151	-2.07542787895572
0.15707963268	3.1415926536	-15.8284733328758	-15.9229974925644	-32.4980645523766	1.92813234451855	-2.15692804354349
0.20943951024	-3.1415926536	-15.8298655506128	-15.8965999276933	-33.9975370152888	-1.2196442280869	0.638189978936672
0.20943951024	-3.089232776	-14.5208507425536	-14.5294913933653	-41.537548918005	-1.24581150703905	-0.216545628820622
0.20943951024	-3.0368728985	-13.8705342221788	-13.8901587519634	-37.3301933093068	-1.23984358102898	-1.95246343550496
0.20943951024	-2.9845130209	-13.7581137633844	-13.8408376216511	-31.0009453324621	-1.22374064528719	-2.53045969485457
0.20943951024	-2.9321531434	-14.0032770061198	-14.2286561195366	-26.9641856855351	-1.21102592232522	-2.88460936986608
0.20943951024	-2.8797932658	-14.4258228181907	-14.9104375105077	-24.1897545548807	-1.20837770802924	-3.1216503856388
0.20943951024	-2.8274333882	-14.9504722924385	-15.7590699320983	-22.6490184289311	-1.21251409543209	3.02695344111415
0.20943951024	-2.7750735107	-15.7123815287577	-16.7330147004138	-22.50185492811	-1.20450477790983	2.99690388884241
0.20943951024	-2.7227136331	-16.9319293206336	-17.9022874694732	-23.9166009298913	-1.14980467676309	3.12973449650675
0.20943951024	-2.6703537556	-18.5068558856744	-19.355072745538	-26.0168379273668	-0.998064230515247	-2.65818545593042
0.20943951024	-2.617993878	-19.1596739708093	-20.8192546185098	-24.1409317105241	-0.684677936402339	-1.91827367674165
0.20943951024	-2.5656340004	-17.6280682379506	-21.1665668029049	-20.1675005179334	-0.214959669781204	-1.57184230461966
0.20943951024	-2.5132741229	-15.4525914490239	-19.8729299103774	-17.4001778402402	0.220357818377461	-1.46227580640094
0.20943951024	-2.4609142453	-13.8951004774619	-18.2071269097034	-15.905196954775	0.50637157252808	-1.4325533369179
0.20943951024	-2.4085543678	-13.1699671957608	-17.0358208861457	-15.4658358272883	0.686564791987849	-1.42281586319446
0.20943951024	-2.3561944902	-13.2155415862656	-16.4843151195301	-15.9818909138949	0.813234307674982	-1.39600010520801
0.20943951024	-2.3038346126	-13.8579494343278	-16.3812131437649	-17.4168845859957	0.914795220169068	-1.30765813432631
0.20943951024	-2.2514747351	-14.7650600093651	-16.4810151910191	-19.6276081073696	1.0052127929291	-1.07616717063427
0.20943951024	-2.1991148575	-15.2840188133543	-16.5028339121582	-21.3976484209839	1.08831122543141	-0.593866482560834
0.20943951024	-2.14675498	-14.8888373798593	-16.2951233367809	-20.4701299361756	1.1591932533077	-0.0257071115779936
0.20943951024	-2.0943951024	-13.8406785144247	-15.8699489606835	-18.1203212458711	1.21314601833841	0.329034809413521
0.20943951024	-2.0420352248	-12.7388285408449	-15.4021246183334	-16.1262848208281	1.24774199090572	0.524553767313562
0.20943951024	-1.9896753473	-11.8845976866863	-15.0902076462415	-14.7079943708924	1.26263031071732	0.652744994413494
0.20943951024	-1.9373154697	-11.3160827930985	-15.0648060118286	-13.6954558717205	1.25540597845013	0.754254504355106
0.20943951024	-1.8849555922	-10.963741602852	-15.3541391371321	-12.9283628870327	1.2195531740583	0.84275598827601
0.20943951024	-1.8325957146	-10.7185605210445	-15.864464743146	-12.3035915174321	1.1448834174716	0.924904070270747
0.20943951024	-1.780235837	-10.4925462506096	-16.3717173091134	-11.790118902519	1.02388276775216	1.00478241997202
0.20943951024	-1.7278759595	-10.2476772307586	-16.5714275413795	-11.400541237794	0.864530883921317	1.08820466655958
0.20943951024	-1.6755160819	-9.98187334470228	-16.2685604369222	-11.1460685389102	0.697254625923705	1.18338841713143
0.20943951024	-1.6231562044	-9.69709360922238	-15.5381913754125	-11.0080024668946	0.552219393156882	1.2945113805996
0.20943951024	-1.5707963268	-9.37150068562149	-14.5819044405546	-10.92842289764	0.440301828125634	1.42127995636005
0.20943951024	-1.5184364492	-8.9844997936004	-13.5702015117248	-10.841226551484	0.358759506233394	1.55462700377002
0.20943951024	-1.4660765717	-8.53335859063758	-12.5591900695219	-10.7211653345021	0.302965919608579	1.67996990698082
0.20943951024	-1.4137166941	-8.05542675548617	-11.5891637528619	-10.5986458213537	0.274434725709183	1.78374004149307
0.20943951024	-1.3613568166	-7.61038467226463	-10.6880563351856	-10.5543421084078	0.277096011246932	1.85947659402504
0.20943951024	-1.308996939	-7.25714261715481	-9.90401152070058	-10.6640872235734	0.315094486603405	1.90751949220635
0.20943951024	-1.2566370614	-7.04788606239874	-9.27771106408885	-11.0103351931648	0.391097707184152	1.93137978513142
0.20943951024	-1.2042771839	-7.02211596072271	-8.84056374375303	-11.6804955124092	0.507716637965533	1.93074368612232
0.20943951024	-1.1519173063	-7.17984079058684	-8.58341382526168	-12.7682361332455	0.669454646046802	1.89291821642154
0.20943951024	-1.0995574288	-7.44413315641801	-8.43689279576222	-14.3404633991906	0.883803012181768	1.77933410367504
0.20943951024	-1.0471975512	-7.56864358206247	-8.2325012140039	-16.0534386211896	1.15713016419636	1.50731937910933
0.20943951024	-0.9948376736	-7.14773598755459	-7.71318156172957	-16.2813267189847	1.48334006641338	1.04613708328578
0.20943951024	-0.9424777961	-5.94336673155831	-6.67483945087299	-14.0398327340412	1.8327739272606	0.6550816595908
0.20943951024	-0.8901179185	-4.19493074887693	-5.15814638949291	-11.2082488077906	2.16708643287517	0.479738553437773
0.20943951024	-0.837758041	-2.32113191196312	-3.40348208378969	-8.88523869845924	2.46491053048817	0.439265227396933
0.20943951024	-0.7853981634	-0.57780523569987	-1.64045520019097	-7.21224250841082	2.72712113733563	0.466622879244885
0.20943951024	-0.7330382858	0.940184784743578	-0.0108331070185491	-6.12260661954192	2.96261678797647	0.530667241649094
0.20943951024	-0.6806784083	2.21288301608811	1.41456026527612	-5.53622362510728	-3.10316769826463	0.616335505152941
0.20943951024	-0.6283185307	3.24728400919313	2.60575833132177	-5.3752337144906	-2.89797951177742	0.715755768258352
0.20943951024	-0.5759586532	4.04309631504097	3.54102372775481	-5.57569980961538	-2.70138893098659	0.824506892980936
0.20943951024	-0.5235987756	4.59198883665107	4.20309019847949	-6.08048843581695	-2.51061661754522	0.940667483760149
0.20943951024	-0.47123889804	4.89042600653214	4.58777582961546	-6.82845411686429	-2.32324855420833	1.0665972315451
0.20943951024	-0.41887902048	4.94914141708269	4.7088075144112	-7.7401641140156	-2.13839522453723	1.20871582250998
0.20943951024	-0.36651914292	4.78580093558707	4.58612130377912	-8.68816179233813	-1.95645017690609	1.3784399009544
0.20943951024	-0.31415926536	4.44122134604939	4.26095133414196	-9.46721012091612	-1.77887907667702	1.58466813219629
0.20943951024	-0.2617993878	3.98063761290057	3.79629547132654	-9.83280426318113	-1.60944546039341	1.82144769790646
0.20943951024	-0.20943951024	3.46246159986622	3.24532858509364	-9.65623707567182	-1.45339004489782	2.06068211127808
0.20943951024	-0.15707963268	2.99601652994289	2.71723592551174	-9.06784571666021	-1.31556469570302	2.26931695224099
0.20943951024	-0.10471975512	2.65791497177004	2.29874964615888	-8.3453292122395	-1.19698826159137	2.43463902501583
0.20943951024	-0.05235987756	2.52974662693828	2.09886437442917	-7.71817045740367	-1.09345097452892	2.56033440426724
0.20943951024	-4.4408920985E-16	2.63418250981814	2.17096867653647	-7.31539393062835	-0.995106784281054	2.65769860343331
0.20943951024	0.05235987756	2.95217672827996	2.51071251928752	-7.19557385287303	2.24863698374597	-0.405042097117266
0.20943951024	0.10471975512	3.40368490051073	3.02642860570035	-7.39505604016678	2.36033683607558	-0.335679699856251
0.20943951024	0.15707963268	3.89688683920093	3.60354640798408	-7.95308170074621	2.4803120266499	-0.267763967127748
0.20943951024	0.20943951024	4.34959387741867	4.14014676076309	-8.92180806655755	2.60463363233886	-0.192629887645818
0.20943951024	0.2617993878	4.69613650481318	4.55942031756906	-10.3916859945578	2.72828790530421	-0.0991419797328087
0.20943951024	0.31415926536	4.89745426396577	4.81685255012475	-12.4571846132979	2.84667020438911	0.0302720274368638
0.20943951024	0.36651914292	4.95362878371184	4.91118593664505	-15.1673733832008	2.95611906160306	0.225956654512102
0.20943951024	0.41887902048	4.88615503914305	4.86509941666069	-18.2685307786311	3.05294941114755	0.531848689777347
0.20943951024	0.47123889804	4.74813487972231	4.73604652135778	-20.8120777468263	3.13378991347511	0.939110008797585
0.20943951024	0.5235987756	4.59048896456677	4.58113054302909	-22.0800064838018	-3.08663622836535	1.25571555643005
0.20943951024	0.5759586532	4.48058829713527	4.47217232668859	-22.6504201040141	-3.04115101180444	1.27775402315833
0.20943951024	0.6283185307	4.46348347077534	4.45340885992449	-21.8871131762105	-3.00824963384626	1.01336937545638
0.20943951024	0.6806784083	4.55550584570781	4.53683870096764	-19.1208885475349	-2.98009092072278	0.761623557412296
0.20943951024	0.7330382858	4.72632806835884	4.68961831310895	-16.0220421032126	-2.94859751235097	0.692227573970407
0.20943951024	0.7853981634	4.93055302730813	4.86804531916784	-13.5191706967551	-2.90824620247135	0.745821502872774
0.20943951024	0.837758041	5.10498901571717	5.01207354323359	-11.6383486085719	-2.85675179097091	0.860264759969566
0.20943951024	0.8901179185	5.22255414612868	5.09787598082903	-10.2595748856471	-2.79583827860401	0.996620203942719
0.20943951024	0.9424777961	5.2510592338314	5.09667460665473	-9.31770698987529	-2.72860264973972	1.12950671007604
0.20943951024	0.9948376736	5.17941687069565	5.00223573230652	-8.80254074945748	-2.6594896197521	1.24346993576536
0.20943951024	1.0471975512	4.99327633319619	4.80442004905525	-8.71733833292591	-2.59239437290054	1.33144188816914
0.20943951024	1.0995574288	4.69281497220129	4.50452809142979	-9.03063084862371	-2.53081793706687	1.39314876331244
0.20943951024	1.1519173063	4.28196064988373	4.10262872050122	-9.64866367673519	-2.47659000413613	1.43388991869152
0.20943951024	1.2042771839	3.78037753128199	3.61149282528802	-10.4057310733014	-2.43124161179041	1.46473134613177
0.20943951024	1.2566370614	3.20124968968868	3.03714028332315	-11.1070549970792	-2.39473478823408	1.50058423988443
0.20943951024	1.308996939	2.57386791223258	2.40394881228645	-11.5862357588003	-2.36863354562559	1.55252956582496
0.20943951024	1.3613568166	1.90633201258148	1.71796096885897	-11.8152147526245	-2.35335145833982	1.61832196419509
0.20943951024	1.4137166941	1.20241183293456	0.985489053831731	-11.9203896261358	-2.35057618790139	1.6832613939063
0.20943951024	1.4660765717	0.448552416584304	0.202200792585795	-12.1363299704915	-2.36165212144253	1.7312645287676
0.20943951024	1.5184364492	-0.377917188809088	-0.642094339774515	-12.6682268076071	-2.38741530427228	1.75153813880852
0.20943951024	1.5707963268	-1.3006515690041	-1.56107111998497	-13.6513179632247	-2.42717635812478	1.7380662976363
0.20943951024	1.6231562044	-2.32863333553238	-2.56453538439326	-15.0965764478741	-2.4784756754989	1.68579893959983
0.20943951024	1.6755160819	-3.4611352657256	-3.66374055987551	-16.8733793110093	-2.53646261185582	1.59056346554315
0.20943951024	1.7278759595	-4.69753926304288	-4.87221855196093	-18.740015127611	-2.59423113741794	1.4522777340311
0.20943951024	1.780235837	-6.05642151544445	-6.21815092536483	-20.4269883690415	-2.64234391687946	1.2732627324142
0.20943951024	1.8325957146	-7.57394691928295	-7.74298536773126	-21.7561801399812	-2.66998361447249	1.03822820265503
0.20943951024	1.8849555922	-9.28340997159693	-9.49912710069312	-22.4298188896084	-2.66325984208805	0.69980233878075
0.20943951024	1.9373154697	-11.1013582584476	-11.5014332466655	-21.6562893306036	-2.6010442475156	0.258186001562393
0.20943951024	1.9896753473	-12.5667984371505	-13.6115178881433	-19.2665381368304	-2.45292943375236	-0.143027796267529
0.20943951024	2.0420352248	-12.8134849964243	-15.2629048342501	-16.4679961955477	-2.19690788324754	-0.417115515529197
0.20943951024	2.0943951024	-11.8094509532802	-15.5910472978904	-14.1649969164705	-1.89829548965523	-0.601603328385935
0.20943951024	2.14675498	-10.5127778132268	-14.6787094071696	-12.6112182388901	-1.69532608235712	-0.743101763431259
0.20943951024	2.1991148575	-9.51453582184408	-13.3673475081101	-11.8195130913793	-1.63197106687339	-0.869867407552264
0.20943951024	2.2514747351	-8.93522671884628	-12.1540945359798	-11.7465178710445	-1.672360122071	-0.996949759650178
0.20943951024	2.3038346126	-8.70286688149175	-11.1756886787192	-12.326683890991	-1.77600267743992	-1.13007367017476
0.20943951024	2.3561944902	-8.72829439856355	-10.4679286003174	-13.5423790630407	-1.91566109792335	-1.26558562868636
0.20943951024	2.4085543678	-8.9505399940448	-10.0493786344337	-15.456885005649	-2.07570162575378	-1.39112836870158
0.20943951024	2.4609142453	-9.3435786170872	-9.92455964201008	-18.3670548575057	-2.24847483567685	-1.48126923348404
0.20943951024	2.5132741229	-9.84992206256281	-10.0599046008226	-23.1105016117926	-2.42785487570085	-1.4751277909863
0.20943951024	2.5656340004	-10.3778777521114	-10.4079076616556	-31.9951869277343	-2.60554988078819	-0.969881968261656
0.20943951024	2.617993878	-10.8792403652777	-10.9396673947637	-29.4749495066965	-2.76677879423904	0.657492447857787
0.20943951024	2.6703537556	-11.4369267688275	-11.6734112253847	-24.1944495631956	-2.89620482378538	0.932741038935645
0.20943951024	2.7227136331	-12.2448491385201	-12.6761200077013	-22.489042140619	-2.98133964670814	1.00990997515355
0.20943951024	2.7750735107	-13.4873927214451	-14.0121606614633	-22.9253051424986	-3.02099766678935	1.0585289293912
0.20943951024	2.8274333882	-15.2572624639331	-15.6979953032696	-25.4118544322499	-3.03131229224739	1.10889986962248
0.20943951024	2.8797932658	-17.5543443430623	-17.7502871343142	-31.1084976020892	-3.05690029945321	1.19289182515364
0.20943951024	2.9321531434	-20.0399771516639	-20.045040149775	-49.3762738642139	3.0939684308593	2.36222979418425
0.20943951024	2.9845130209	-21.3820329694928	-21.6260931655061	-34.0063651617403	2.73940848692721	-2.21349494195724
0.20943951024	3.0368728985	-20.1572314066096	-20.5895059462914	-30.3918226008368	2.287501999745	-2.18862304646587
0.20943951024	3.089232776	-17.820233885414	-18.0531912465798	-30.6412706460395	2.02386422359147	-2.27159380933064
0.20943951024	3.1415926536	-15.8298655506128	-15.8965999276933	-33.9975370152888	1.92194842550289	-2.50340267465312
0.2617993878	-3.1415926536	-15.8307328105071	-15.8932295744042	-34.281211532274	-1.22588579000887	0.208157451028494
0.2617993878	-3.089232776	-14.5492834999999	-14.5802298751398	-36.0364927538972	-1.2447420149444	-0.743270650060072
0.2617993878	-3.0368728985	-13.9184404355939	-13.9734057648232	-32.9228488913167	-1.23107967826787	-1.61964926916148
0.2617993878	-2.9845130209	-13.8079184716536	-13.9258600603771	-29.5279291876211	-1.20468569350568	-2.18638042697204
0.2617993878	-2.9321531434	-14.0294374675904	-14.2781162544687	-26.574639278926	-1.17770099928711	-2.61861262664536
0.2617993878	-2.8797932658	-14.392328749437	-14.8777115116668	-24.1497596536834	-1.15661424100153	-2.92364077889571
0.2617993878	-2.8274333882	-14.8286732510858	-15.6028726254327	-22.699338854003	-1.13933998370907	-3.10538510850066
0.2617993878	-2.7750735107	-15.4720320593813	-16.403076371984	-22.6173804091891	-1.11116855654586	3.11179755179396
0.2617993878	-2.7227136331	-16.5427440035694	-17.3481014558435	-24.2571580654882	-1.04244605273144	-3.07042010750215
0.2617993878	-2.6703537556	-17.9259567366882	-18.5004114050537	-26.9953039771745	-0.891863406305251	-2.55737556861402
0.2617993878	-2.617993878	-18.4944217360501	-19.6468331464869	-24.8196610545457	-0.61077314770603	-1.71953124701009
0.2617993878	-2.5656340004	-17.1218585993592	-19.9729451105457	-20.2974316592875	-0.200621421717959	-1.38385277036795
0.2617993878	-2.5132741229	-15.059712369346	-18.9612486042728	-17.3308956359282	0.202528904812779	-1.29948729530104
0.2617993878	-2.4609142453	-13.5066185046503	-17.4479531334034	-15.750669600979	0.484717478498793	-1.29184821350437
0.2617993878	-2.4085543678	-12.7342238773722	-16.2622031904488	-15.2820318940083	0.659811217936209	-1.30276617964091
0.2617993878	-2.3561944902	-12.7149430849306	-15.6360372520865	-15.816319647404	0.769567241356987	-1.29821594040566
0.2617993878	-2.3038346126	-13.3374874169418	-15.5079411439983	-17.3899492066725	0.84360936006807	-1.23478543642544
0.2617993878	-2.2514747351	-14.3361062988113	-15.7081495515543	-20.0082470844724	0.89910444100571	-1.02172497720457
0.2617993878	-2.1991148575	-15.1262813462958	-16.0161034967062	-22.4484096121865	0.949143322837877	-0.482619506611057
0.2617993878	-2.14675498	-15.02195723733	-16.2341165518074	-21.1561952097887	1.0021928486545	0.194863928478653
0.2617993878	-2.0943951024	-14.0936098214954	-16.271008690445	-18.1353810604325	1.05851324748973	0.558684857158745
0.2617993878	-2.0420352248	-12.9710572319695	-16.1610018353121	-15.8088492592225	1.11215042532584	0.73212694265445
0.2617993878	-1.9896753473	-12.0362510075644	-16.0459651589644	-14.2346460451343	1.15311940635265	0.836029288250185
0.2617993878	-1.9373154697	-11.3755109552288	-16.0685398526049	-13.1760495962249	1.17192528632519	0.913711080509493
0.2617993878	-1.8849555922	-10.9374401080824	-16.3075665375586	-12.427266164922	1.1592093699213	0.98151791353637
0.2617993878	-1.8325957146	-10.6444996185685	-16.7381347177279	-11.8698123362031	1.10548982526745	1.04625063272251
0.2617993878	-1.780235837	-10.4227041472829	-17.2047348372654	-11.4453111860738	1.00414494849804	1.11399677323778
0.2617993878	-1.7278759595	-10.2417403475095	-17.4647508475194	-11.1544199901117	0.859188974237957	1.19156426810488
0.2617993878	-1.6755160819	-10.0759209265971	-17.2871569553811	-10.9913588284869	0.695712648607027	1.28657119973562
0.2617993878	-1.6231562044	-9.89907507491042	-16.6444256020052	-10.9314728111976	0.545489116489115	1.4034021864871
0.2617993878	-1.5707963268	-9.66518470639167	-15.6869763814584	-10.9141748912091	0.429236665366789	1.53977640287152
0.2617993878	-1.5184364492	-9.32563590681698	-14.570299161855	-10.8678693170164	0.350289078011243	1.6848264061168
0.2617993878	-1.4660765717	-8.8855058083723	-13.4068111165564	-10.7769801154544	0.306073852866933	1.82189780671689
0.2617993878	-1.4137166941	-8.40017914037544	-12.2714046619011	-10.6923095217751	0.294210758753018	1.93642113691001
0.2617993878	-1.3613568166	-7.94827896803436	-11.2318445849699	-10.7014944870336	0.313971953282017	2.02279158147798
0.2617993878	-1.308996939	-7.60135183466954	-10.3462704787369	-10.8943110948122	0.365472660071767	2.08211650426185
0.2617993878	-1.2566370614	-7.41680165084655	-9.65732227564546	-11.3633602267376	0.450731947637319	2.11959127512014
0.2617993878	-1.2042771839	-7.43411758309858	-9.18773438628964	-12.2199585772501	0.572825630070934	2.13614762176389
0.2617993878	-1.1519173063	-7.64975724979943	-8.91116265975187	-13.634501294352	0.739222491737849	2.11813841974638
0.2617993878	-1.0995574288	-7.95875081452194	-8.72881836471493	-15.8506516190207	0.959152802732461	2.01486088169582
0.2617993878	-1.0471975512	-8.05203377011352	-8.44261193539492	-18.7066228611104	1.23742711972972	1.66875022958489
0.2617993878	-0.9948376736	-7.45966342856444	-7.79077776395101	-18.8022320575674	1.56279502618737	0.960127445911116
0.2617993878	-0.9424777961	-6.02117054973409	-6.63257649738649	-14.8378341955765	1.90238708393494	0.509130319104768
0.2617993878	-0.8901179185	-4.11201075883115	-5.06703369789418	-11.1584803493725	2.22236180135821	0.382921979255548
0.2617993878	-0.837758041	-2.17492011075065	-3.32967734965553	-8.49244904217554	2.50877281825415	0.383073384734846
0.2617993878	-0.7853981634	-0.430948696569161	-1.61641523902736	-6.64915753726706	2.76462039712543	0.43643233391253
0.2617993878	-0.7330382858	1.06254048658118	-0.0360124619833345	-5.44479698352418	2.99790628499018	0.516406644606216
0.2617993878	-0.6806784083	2.30207932372469	1.34993992368099	-4.75613387981486	-3.06818829284714	0.61164667548632
0.2617993878	-0.6283185307	3.30323677111814	2.51306924131212	-4.48650974455997	-2.86290217553914	0.716480494607975
0.2617993878	-0.5759586532	4.06580952768555	3.42473804753031	-4.55956256141728	-2.6664277282315	0.8273641581912
0.2617993878	-0.5235987756	4.58654256639108	4.06922349104589	-4.90980789644247	-2.47643200992464	0.943099854965728
0.2617993878	-0.47123889804	4.86529464057875	4.44437658318143	-5.47933225342647	-2.29086705167248	1.06570557086524
0.2617993878	-0.41887902048	4.90420083357702	4.55370712273668	-6.20090830780904	-2.10832234992573	1.20143810037014
0.2617993878	-0.36651914292	4.73149376320562	4.42775602511825	-6.97234559069101	-1.92938420541263	1.36011758990563
0.2617993878	-0.31415926536	4.38189026812431	4.1006844566185	-7.6455541895824	-1.75583776994009	1.5501046352776
0.2617993878	-0.2617993878	3.92483261287672	3.63871634976147	-8.02985782045077	-1.59140525133626	1.76866149648639
0.2617993878	-0.20943951024	3.4196756168723	3.09437730652626	-7.99698338541343	-1.44122965804862	1.99468068161353
0.2617993878	-0.15707963268	2.96404323753433	2.56561840279691	-7.60802539724443	-1.30942686414551	2.19969852698267
0.2617993878	-0.10471975512	2.64599895869919	2.15470083999977	-7.06172668351626	-1.19688289050372	2.36639820023309
0.2617993878	-0.05235987756	2.52699534513453	1.95380682290356	-6.55131553738585	-1.09822039216653	2.49388200106544
0.2617993878	-4.4408920985E-16	2.6389780879923	2.03043752746895	-6.19668768030659	-1.00430995694791	2.59039229292743
0.2617993878	0.05235987756	2.94226969932481	2.35700620724039	-6.05140501331898	2.2373221752807	-0.475316748707676
0.2617993878	0.10471975512	3.38308694459198	2.86883273547448	-6.13756778713385	2.34663998304997	-0.410135436563638
0.2617993878	0.15707963268	3.86500546825121	3.4447373689625	-6.48601300662094	2.46475083205571	-0.346174997208104
0.2617993878	0.20943951024	4.31147839006904	3.98912587794529	-7.14323349981787	2.58741303409022	-0.274735728729885
0.2617993878	0.2617993878	4.65587068448108	4.42333856049229	-8.17289015279479	2.70934019142467	-0.186415153973936
0.2617993878	0.31415926536	4.86130896203134	4.70432754345484	-9.63630594067151	2.82622642448746	-0.0718130535230475
0.2617993878	0.36651914292	4.92106710528602	4.82206257155066	-11.5496334066516	2.93451619761997	0.0804855911897317
0.2617993878	0.41887902048	4.86341838473792	4.80394286385397	-13.8007460085997	3.03116410251602	0.278319848480389
0.2617993878	0.47123889804	4.73044924523771	4.69388515969774	-16.0351159210454	3.11304563229089	0.502981982768504
0.2617993878	0.5235987756	4.56831776993064	4.54293169962396	-17.7762574103411	-3.10511417957175	0.674378240551273
0.2617993878	0.5759586532	4.43975413151238	4.41782775916496	-18.5393797061448	-3.05664368701426	0.679955012958787
0.2617993878	0.6283185307	4.38702621710425	4.35997570300647	-17.6825798993365	-3.0212020739824	0.533983885752193
0.2617993878	0.6806784083	4.43391840488328	4.38864058430527	-15.4076888080678	-2.99237454188332	0.411647790802555
0.2617993878	0.7330382858	4.55751203705138	4.4789688394223	-12.9084577068545	-2.96264173216982	0.398687537206198
0.2617993878	0.7853981634	4.72257513094693	4.5993725885545	-10.8105269269186	-2.92652619848849	0.468615732364743
0.2617993878	0.837758041	4.88264418103768	4.70979535744239	-9.20467242630111	-2.88149589066699	0.585121493713122
0.2617993878	0.8901179185	4.9868238544543	4.76382244099669	-8.01896670688177	-2.82766301792404	0.720558768286742
0.2617993878	0.9424777961	5.01660112666668	4.74736636286495	-7.19385258308692	-2.76775170141595	0.854249064877285
0.2617993878	0.9948376736	4.94601309698169	4.63886576675434	-6.71103116883809	-2.7052133880456	0.970661449265907
0.2617993878	1.0471975512	4.77115506226072	4.43895628688131	-6.55774845148589	-2.64413698743278	1.0616519864697
0.2617993878	1.0995574288	4.48446670025073	4.14163520738769	-6.71285749136238	-2.58759931411315	1.12613500840799
0.2617993878	1.1519173063	4.08898597698919	3.74627342411819	-7.10978650463219	-2.53767915872278	1.16873267052471
0.2617993878	1.2042771839	3.60224359109683	3.26288686107154	-7.63760839320123	-2.49608598137756	1.20026681628758
0.2617993878	1.2566370614	3.04299259749075	2.70223887731974	-8.1797073722166	-2.46353356469155	1.23363743881343
0.2617993878	1.308996939	2.43597153600108	2.08283262440286	-8.63778890433724	-2.44158578047935	1.27820025241753
0.2617993878	1.3613568166	1.79150212588441	1.41313924683203	-8.99506382162593	-2.4311412234274	1.33270407742572
0.2617993878	1.4137166941	1.1091306851299	0.696426093233858	-9.31703771998176	-2.43347694592808	1.38486657836659
0.2617993878	1.4660765717	0.374617170274389	-0.0708157336792894	-9.73621604028174	-2.44972009818429	1.41838722409034
0.2617993878	1.5184364492	-0.437614091327179	-0.900246692585502	-10.3923579451097	-2.48012142862979	1.41932165502478
0.2617993878	1.5707963268	-1.3496421803893	-1.80510392259733	-11.3687070635116	-2.52401912669202	1.37761169456312
0.2617993878	1.6231562044	-2.36453555814526	-2.79321108220406	-12.6336666631606	-2.57884108937578	1.28737904882056
0.2617993878	1.6755160819	-3.47897029137167	-3.87679050921864	-14.057336738833	-2.64020076957827	1.14849450480131
0.2617993878	1.7278759595	-4.69068291709992	-5.07267671861723	-15.437559898221	-2.70184551307316	0.97019640447816
0.2617993878	1.780235837	-6.01445196940926	-6.41067377528532	-16.6095161643655	-2.75576448265121	0.76386007955854
0.2617993878	1.8325957146	-7.48236940425595	-7.94467449710382	-17.4400279702832	-2.7926084294742	0.526369749617652
0.2617993878	1.8849555922	-9.0999055558712	-9.75094505482084	-17.6631293123893	-2.80069776369213	0.240642057412324
0.2617993878	1.9373154697	-10.7089863797412	-11.9016228969563	-16.9044288085303	-2.76130555150982	-0.0763959742569465
0.2617993878	1.9896753473	-11.7867105557361	-14.37711354378	-15.2618933905174	-2.63874945633031	-0.361402532455856
0.2617993878	2.0420352248	-11.7060519081588	-16.6926549308425	-13.3631470689813	-2.37987297124853	-0.579089256097051
0.2617993878	2.0943951024	-10.737216368713	-17.5302088506669	-11.7569177399423	-2.01135582897908	-0.74377836430162
0.2617993878	2.14675498	-9.67845609517989	-16.4636629395507	-10.7002202684323	-1.73620759326124	-0.8807979643608
0.2617993878	2.1991148575	-8.95345381648699	-14.7686426730811	-10.2735287734764	-1.64687108811235	-1.01067496844763
0.2617993878	2.2514747351	-8.61945821480815	-13.2125824007084	-10.4722305597516	-1.68645298198699	-1.14538470779382
0.2617993878	2.3038346126	-8.58985266168936	-11.9585819279124	-11.2690629337378	-1.79628551420448	-1.28947034906354
0.2617993878	2.3561944902	-8.75082159720382	-11.0193320156645	-12.6562513115842	-1.94159552697785	-1.43933713108049
0.2617993878	2.4085543678	-9.04606067642235	-10.4132276491721	-14.7313537004321	-2.104504506831	-1.58311849436459
0.2617993878	2.4609142453	-9.44606608284163	-10.1280630740297	-17.8226216126559	-2.27736884232333	-1.70113638438954
0.2617993878	2.5132741229	-9.91203900820445	-10.1373890983742	-22.8734926012252	-2.45380612586616	-1.75560551531529
0.2617993878	2.5656340004	-10.3735965482	-10.3919634090413	-34.1202704999151	-2.62613959513685	-1.45656433745379
0.2617993878	2.617993878	-10.8221990273601	-10.8676507695197	-30.6472428480823	-2.78237208406147	0.784675451835072
0.2617993878	2.6703537556	-11.3803951089978	-11.5875678455873	-24.6980867862005	-2.90718468394901	0.942959723796078
0.2617993878	2.7227136331	-12.2349872097133	-12.6026063732908	-23.1413619717784	-2.99099365564053	0.996292960102394
0.2617993878	2.7750735107	-13.552546972401	-13.97596337638	-23.8727015843714	-3.03297208982946	1.05571840624617
0.2617993878	2.8274333882	-15.400792636419	-15.7298079541952	-26.769943709627	-3.04922722619562	1.15181937312033
0.2617993878	2.8797932658	-17.726664661979	-17.8553517070033	-33.0733441318012	-3.08476813793778	1.39071719915313
0.2617993878	2.9321531434	-20.159393217425	-20.1933613092863	-41.243497793358	3.05129473340689	2.97629220826199
0.2617993878	2.9845130209	-21.3613230192044	-21.6544859177096	-33.213832983222	2.6853034186175	-2.46127474779734
0.2617993878	3.0368728985	-20.0844554012072	-20.4738533679684	-30.7516060382751	2.25010584982962	-2.39057956775695
0.2617993878	3.089232776	-17.7792089203684	-17.9720826443286	-31.4004013397361	2.00646682537619	-2.51555542775616
0.2617993878	3.1415926536	-15.8307328105071	-15.8932295744042	-34.281211532274	1.91570686358093	-2.9334352025613
0.31415926536	-3.1415926536	-15.8307922466922	-15.912484445931	-33.1276115533928	-1.23211697168548	-0.178547994632848
0.31415926536	-3.089232776	-14.5849761730032	-14.6610652062936	-32.1875875930016	-1.2436927486904	-0.908825514009385
0.31415926536	-3.0368728985	-13.9707534184289	-14.0855702566167	-29.8058226416082	-1.22239288087472	-1.47518934958999
0.31415926536	-2.9845130209	-13.8579480210054	-14.0375025966845	-27.7832943443394	-1.18547617811418	-1.94579773651876
0.31415926536	-2.9321531434	-14.0531308111283	-14.3508184624666	-25.8413593769072	-1.14351668875557	-2.38251876523609
0.31415926536	-2.8797932658	-14.3512273437203	-14.8577215444127	-23.9341118282045	-1.10368511496511	-2.72974061458873
0.31415926536	-2.8274333882	-14.6889646291101	-15.4395464155932	-22.6827147037321	-1.0663982093167	-2.95253024502068
0.31415926536	-2.7750735107	-15.2140888825399	-16.0660643028092	-22.7066872863638	-1.02089071294982	-3.05163998350073
0.31415926536	-2.7227136331	-16.1226500126192	-16.793658968243	-24.5643955227136	-0.944551581461462	-2.98042563058096
0.31415926536	-2.6703537556	-17.3057096177406	-17.6969280493089	-27.9535005740723	-0.803678565333266	-2.44890169919713
0.31415926536	-2.617993878	-17.8124818039119	-18.6534964004598	-25.3560130369046	-0.557618935857406	-1.51119735475597
0.31415926536	-2.5656340004	-16.6405177529723	-19.0658251153523	-20.3270590034072	-0.197043323762243	-1.19516831664689
0.31415926536	-2.5132741229	-14.7266182611495	-18.3546038341417	-17.1962447063501	0.184738005261319	-1.13344736105546
0.31415926536	-2.4609142453	-13.1962856663932	-16.9893756967597	-15.5435737838455	0.471426609183241	-1.14174604764815
0.31415926536	-2.4085543678	-12.3678747759673	-15.7732893060331	-15.016028511319	0.649058021898652	-1.16664432381606
0.31415926536	-2.3561944902	-12.2546864301656	-15.0427739676457	-15.4991846186007	0.750626106058791	-1.1762984308601
0.31415926536	-2.3038346126	-12.781323332526	-14.8235185218894	-17.0393522240253	0.80488126047575	-1.13043142476824
0.31415926536	-2.2514747351	-13.7431994699355	-15.0078759531129	-19.7182523506018	0.830785295371699	-0.941836335910256
0.31415926536	-2.1991148575	-14.6704137879073	-15.4483587216152	-22.5219360151433	0.845727509647884	-0.411369375105728
0.31415926536	-2.14675498	-14.8679503417145	-15.9821615333197	-21.3213196529061	0.864287253866063	0.317332301199743
0.31415926536	-2.0943951024	-14.1759237960896	-16.4813219404347	-18.0281344673984	0.897253163450519	0.696983002410476
0.31415926536	-2.0420352248	-13.1444348490912	-16.8912958623831	-15.5251670346959	0.945865477173241	0.864049121471837
0.31415926536	-1.9896753473	-12.2285804393605	-17.2183825353444	-13.88419021465	0.999868863503596	0.956180896318614
0.31415926536	-1.9373154697	-11.557265756849	-17.5387479462271	-12.8197710559247	1.04161580893103	1.02114771075795
0.31415926536	-1.8849555922	-11.1158060621082	-17.9499755335216	-12.1246749875924	1.05265916871119	1.07589758330127
0.31415926536	-1.8325957146	-10.8338826352398	-18.4664062609528	-11.6561161844288	1.01894915185293	1.13042419893274
0.31415926536	-1.780235837	-10.6587119840034	-19.012204826687	-11.3446427035781	0.929597895768372	1.1922780266457
0.31415926536	-1.7278759595	-10.5471662626154	-19.3465835308417	-11.1611853665062	0.787956042262548	1.26957611604837
0.31415926536	-1.6755160819	-10.4678827735883	-19.2170093116266	-11.0895905163538	0.618826034871487	1.36925268927794
0.31415926536	-1.6231562044	-10.3694647016432	-18.5382253246104	-11.0878051402394	0.462438210172752	1.49488210942644
0.31415926536	-1.5707963268	-10.1879875324496	-17.4405854872533	-11.0937766642527	0.348414648100739	1.64226733342454
0.31415926536	-1.5184364492	-9.87763690874448	-16.1278457108463	-11.0531085991344	0.284403686807215	1.79833636325527
0.31415926536	-1.4660765717	-9.44941689772877	-14.7525112426555	-10.9669758048895	0.264598303150398	1.94532968828672
0.31415926536	-1.4137166941	-8.97110128066689	-13.4219863541094	-10.9014966547538	0.280856794162209	2.06975109249737
0.31415926536	-1.3613568166	-8.53220216809358	-12.2172074805576	-10.9586587011742	0.327042879404247	2.16653625863335
0.31415926536	-1.308996939	-8.20738097835938	-11.2076158619464	-11.2277693887473	0.400549586580414	2.23899548216687
0.31415926536	-1.2566370614	-8.05393114055553	-10.4341735257009	-11.8014631037715	0.503352946439138	2.29204220362808
0.31415926536	-1.2042771839	-8.10945031351736	-9.90511278425357	-12.8119862873254	0.640685976016385	2.32775444350884
0.31415926536	-1.1519173063	-8.36069246154378	-9.56786441131215	-14.5104580411514	0.822638758820254	2.33364187807573
0.31415926536	-1.0995574288	-8.65524101195842	-9.27777700879436	-17.398989867784	1.05832757629029	2.25201984918377
0.31415926536	-1.0471975512	-8.59264171678712	-8.80038359405686	-21.8987012082884	1.3481450148364	1.81242508551521
0.31415926536	-0.9948376736	-7.69164921628664	-7.91181039421922	-20.7517004911523	1.67229587069925	0.748766163507746
0.31415926536	-0.9424777961	-5.96075012008375	-6.56466742627369	-14.8272785736376	1.99663082635555	0.365764806328137
0.31415926536	-0.8901179185	-3.9088873531794	-4.92767997508871	-10.7053153387658	2.29667708715689	0.314093272441935
0.31415926536	-0.837758041	-1.94275927575709	-3.2090630769663	-7.91300167915148	2.56719494658601	0.352425409481025
0.31415926536	-0.7853981634	-0.223535355312331	-1.55329394313771	-6.01157810776366	2.81371600897725	0.425933026388004
0.31415926536	-0.7330382858	1.22542258398233	-0.0349039402566771	-4.76252421307028	3.04246348941957	0.517686713612749
0.31415926536	-0.6806784083	2.42042784259599	1.30271467029637	-4.02098902472144	-3.02556502388452	0.619953983637641
0.31415926536	-0.6283185307	3.37262254713731	2.41958435843202	-3.68192597031366	-2.82120634587428	0.72864712287755
0.31415926536	-0.5759586532	4.09577124119472	3.29972132904633	-3.66461580110818	-2.62592461417424	0.841064114643384
0.31415926536	-0.5235987756	4.5782575628037	3.91406575759047	-3.90451470121725	-2.43738988403238	0.956487439772221
0.31415926536	-0.47123889804	4.82944422537093	4.26974246442638	-4.34567794369493	-2.25394361504023	1.07697783564982
0.31415926536	-0.41887902048	4.84847928321045	4.3656821652303	-4.93087961043001	-2.07416961231286	1.20830894295929
0.31415926536	-0.36651914292	4.65837152538885	4.22653115821757	-5.5803703867238	-1.8988840510116	1.35953037705935
0.31415926536	-0.31415926536	4.31242214613487	3.90547941135693	-6.17197065036611	-1.72965314058907	1.53814656344745
0.31415926536	-0.2617993878	3.85500100414663	3.44037588236068	-6.55194931329342	-1.57088468480331	1.742670197365
0.31415926536	-0.20943951024	3.3670321779141	2.90624195660149	-6.60413660228833	-1.42724962713567	1.95630741858516
0.31415926536	-0.15707963268	2.93145193797895	2.38588542053229	-6.34784210370907	-1.30241180623018	2.15407572383529
0.31415926536	-0.10471975512	2.63140207735869	1.98024792387523	-5.9311128060831	-1.19627745710073	2.31769272006233
0.31415926536	-0.05235987756	2.52470127485866	1.78279834441794	-5.51534293534373	-1.10314216936975	2.44356853736677
0.31415926536	-4.4408920985E-16	2.63858110420903	1.85830771483826	-5.20109116936365	-1.01327534778318	2.53773999966811
0.31415926536	0.05235987756	2.93552173639692	2.18072282484707	-5.03594358871908	2.22500252784143	-0.531017894282122
0.31415926536	0.10471975512	3.36041513823093	2.68215750070516	-5.0381971531394	2.33225473368799	-0.468679919144445
0.31415926536	0.15707963268	3.83037128712931	3.25542575231045	-5.235506551671	2.44843866405718	-0.406499248504716
0.31415926536	0.20943951024	4.26665754101701	3.80235185856258	-5.67323032678121	2.56884346997037	-0.335423344660125
0.31415926536	0.2617993878	4.60453687962762	4.24640515097674	-6.410713653549	2.68853245620962	-0.248124256846041
0.31415926536	0.31415926536	4.81279322807845	4.54984006521411	-7.49707911854738	2.80371597938455	-0.138480849514373
0.31415926536	0.36651914292	4.88162388957443	4.69792195643509	-8.94660916319104	2.9109054038983	-0.00247842630280965
0.31415926536	0.41887902048	4.83649707977043	4.71287479460759	-10.6820428823904	3.00744712677981	0.158108076501855
0.31415926536	0.47123889804	4.70391759342516	4.62033028727631	-12.4942488502407	3.09047839206786	0.323309764806264
0.31415926536	0.5235987756	4.54204187543346	4.48149470959713	-14.0451014591219	-3.12497925690718	0.4410250967814
0.31415926536	0.5759586532	4.39569021361152	4.34383519334532	-14.8601465282465	-3.072886377317	0.446472338006016
0.31415926536	0.6283185307	4.30005510162138	4.24080073959822	-14.3801782413377	-3.03386320551006	0.348511534146613
0.31415926536	0.6806784083	4.29158308147781	4.20374223223434	-12.693141169387	-3.00321695399839	0.258783151655717
0.31415926536	0.7330382858	4.36542273472033	4.22560944832793	-10.6266550381358	-2.97470557435589	0.248210086642147
0.31415926536	0.7853981634	4.48116851167133	4.27151357944615	-8.78602952664276	-2.9427578978067	0.308445823569221
0.31415926536	0.837758041	4.60577170552961	4.31831445163302	-7.32927456235914	-2.90434427305699	0.412463699143434
0.31415926536	0.8901179185	4.69524178733122	4.33052200671924	-6.24409189866542	-2.85886269553336	0.537040892269741
0.31415926536	0.9424777961	4.71850666595338	4.28234011624017	-5.47907112271972	-2.80800207397793	0.663383459347634
0.31415926536	0.9948376736	4.65233421822896	4.15480619133493	-5.00372279376089	-2.75446820059468	0.776718028539961
0.31415926536	1.0471975512	4.48856202438484	3.94462372666999	-4.80291563373215	-2.70185819562648	0.868712968614141
0.31415926536	1.0995574288	4.21175213454114	3.63728015550329	-4.85747270177662	-2.65269950413091	0.936636823682007
0.31415926536	1.1519173063	3.83471409403543	3.24299635048513	-5.11448330300823	-2.60979179931956	0.984192986805038
0.31415926536	1.2042771839	3.37356040236896	2.77118558979511	-5.5033213602721	-2.57524251087197	1.01964747781907
0.31415926536	1.2566370614	2.83935374971821	2.22312787653424	-5.94556041128826	-2.54976803543253	1.05329798383907
0.31415926536	1.308996939	2.25726197455531	1.61845834663686	-6.38239485171464	-2.53503485623351	1.0921354010931
0.31415926536	1.3613568166	1.63883938600204	0.966471584807079	-6.79478213081773	-2.53234728898254	1.13492207235482
0.31415926536	1.4137166941	0.98148342119711	0.268434565045023	-7.2168143260635	-2.54272588969781	1.17268584140329
0.31415926536	1.4660765717	0.27099064815415	-0.478477591189401	-7.72866655522135	-2.56695383187764	1.19119415800391
0.31415926536	1.5184364492	-0.517853654038212	-1.28750737429589	-8.41188815482006	-2.60511140703584	1.17693721396845
0.31415926536	1.5707963268	-1.40060797533786	-2.16817679123982	-9.3054112632492	-2.65618814643281	1.12111828505833
0.31415926536	1.6231562044	-2.37983210458778	-3.13034370620555	-10.3739542130203	-2.71777763830056	1.01933596240751
0.31415926536	1.6755160819	-3.44844223029558	-4.18627055968782	-11.510424560655	-2.7858353158202	0.875720778666824
0.31415926536	1.7278759595	-4.60177894812646	-5.35305288913562	-12.591862098608	-2.85487228410675	0.699103607383345
0.31415926536	1.780235837	-5.85753177025679	-6.67313979037562	-13.5219837351931	-2.91831673914574	0.499081719080224
0.31415926536	1.8325957146	-7.23340438351446	-8.21352414266784	-14.1793034082009	-2.96946911368036	0.271313841361076
0.31415926536	1.8849555922	-8.6920190071014	-10.0772458038963	-14.3288725794956	-3.00019643818002	0.0115559658925436
0.31415926536	1.9373154697	-10.0168006248165	-12.4132848438464	-13.7421790021375	-2.99650128723977	-0.260555381963545
0.31415926536	1.9896753473	-10.7140671581715	-15.3742025748864	-12.5316021645506	-2.92364328292051	-0.503974290662558
0.31415926536	2.0420352248	-10.4635227856538	-18.8437978877252	-11.1448876276709	-2.6882801948096	-0.69829518371355
0.31415926536	2.0943951024	-9.65100813368036	-20.9236137521132	-9.98771367433749	-2.18150405711154	-0.853778394535325
0.31415926536	2.14675498	-8.87517776050033	-19.3255439364737	-9.28547743922684	-1.74169503393263	-0.990306288043519
0.31415926536	2.1991148575	-8.43548847568914	-16.7205636850121	-9.13323403447731	-1.61935798355706	-1.12391625486802
0.31415926536	2.2514747351	-8.35439829766697	-14.5606488047431	-9.54362479362257	-1.6718480483898	-1.26574567383637
0.31415926536	2.3038346126	-8.52547985849897	-12.8986395154316	-10.4999926578657	-1.79954098658294	-1.4188753532051
0.31415926536	2.3561944902	-8.82401672974943	-11.6657990547852	-12.0096381374741	-1.95816741063574	-1.57975583151222
0.31415926536	2.4085543678	-9.18148696979551	-10.8300271148414	-14.1865623664948	-2.12887930051429	-1.73685419834458
0.31415926536	2.4609142453	-9.58199706093584	-10.3716748850404	-17.374198513241	-2.30412663759046	-1.87464239864961
0.31415926536	2.5132741229	-10.0002424939005	-10.2479023866593	-22.5627703054695	-2.48006433486118	-1.97500028234627
0.31415926536	2.5656340004	-10.3980703209762	-10.4142299686876	-34.6996718655042	-2.64931363153411	-1.94862950756458
0.31415926536	2.617993878	-10.8052764171701	-10.8429697955926	-31.4393019421288	-2.80105333628838	0.903108217692009
0.31415926536	2.6703537556	-11.3724323127691	-11.5545125635701	-25.2383690511828	-2.92272269620839	0.944257622827283
0.31415926536	2.7227136331	-12.2853732921843	-12.5948657456897	-23.9105430551108	-3.00573085222416	0.982445683731715
0.31415926536	2.7750735107	-13.6876565017171	-14.0215400732492	-24.9954214145236	-3.05012308217307	1.06174710705867
0.31415926536	2.8274333882	-15.6105565209199	-15.8479991174378	-28.3509937118937	-3.07228185503456	1.22803630724479
0.31415926536	2.8797932658	-17.9525979565486	-18.0455059982952	-34.6962792112998	-3.11805067772818	1.71289304630002
0.31415926536	2.9321531434	-20.2997545076036	-20.4021808228621	-36.6245946310573	3.00225813276572	3.07859189852061
0.31415926536	2.9845130209	-21.3302205882189	-21.7013972578035	-32.1965236093301	2.62689733805101	-2.67211738206866
0.31415926536	3.0368728985	-19.9965479868752	-20.3714019544985	-30.8218489272584	2.21223094326103	-2.60808848814601
0.31415926536	3.089232776	-17.7322417609882	-17.9120237075436	-31.652204971792	1.98927613136039	-2.79383464327397
0.31415926536	3.1415926536	-15.8307922466922	-15.912484445931	-33.1276115533928	1.90947568190431	2.96304465895695
0.36651914292	-3.1415926536	-15.8301395774859	-15.9546935626795	-31.3165345675298	-1.23844630689497	-0.449988151122458
0.36651914292	-3.089232776	-14.6200356793651	-14.763993170767	-29.487316013512	-1.24305779839594	-0.982711024575161
0.36651914292	-3.0368728985	-14.0250892598024	-14.2242490910112	-27.5101142530727	-1.2140722334787	-1.39211924309745
0.36651914292	-2.9845130209	-13.9102570924743	-14.1780188625052	-26.1438075473625	-1.1662538377557	-1.77714329693041
0.36651914292	-2.9321531434	-14.0772766780832	-14.4495441959858	-24.9313726143536	-1.10880101645876	-2.18165239931748
0.36651914292	-2.8797932658	-14.3105762441197	-14.8577850812685	-23.5776202968125	-1.05001714546294	-2.54400156653454
0.36651914292	-2.8274333882	-14.5508452181744	-15.2908246609032	-22.6012293349537	-0.993470376366379	-2.7972709410724
0.36651914292	-2.7750735107	-14.9466745082997	-15.7316948848034	-22.7623076872979	-0.933755506698168	-2.92508531676844
0.36651914292	-2.7227136331	-15.6859443602223	-16.252439730037	-24.8119930377088	-0.85434946136152	-2.88002622336765
0.36651914292	-2.6703537556	-16.6850936980366	-16.9614811455374	-28.7852145147229	-0.727104748675921	-2.33247278248067
0.36651914292	-2.617993878	-17.1511111912792	-17.8041386474075	-25.7020630334116	-0.515976908072897	-1.30748654005185
0.36651914292	-2.5656340004	-16.1927726180842	-18.3509033879643	-20.26431032753	-0.199909710040683	-1.01476500217394
0.36651914292	-2.5132741229	-14.4533472554382	-17.9789747029565	-17.0030328883385	0.164210728368513	-0.970281577770287
0.36651914292	-2.4609142453	-12.9544448568203	-16.805103080074	-15.2609305977331	0.462223553089734	-0.989270864722476
0.36651914292	-2.4085543678	-12.0633100008638	-15.5579448689777	-14.6379105390954	0.650577058577156	-1.0222827011224
0.36651914292	-2.3561944902	-11.8383492193511	-14.7093110404068	-14.9926064149422	0.75193625010548	-1.04010922127657
0.36651914292	-2.3038346126	-12.2264184973048	-14.3568621751246	-16.3413242398744	0.795737538658191	-1.00702158515579
0.36651914292	-2.2514747351	-13.0765583578233	-14.4497272908329	-18.7456707165979	0.801447544638931	-0.850134301520635
0.36651914292	-2.1991148575	-14.0429050887166	-14.8965274038049	-21.5279130649289	0.787362772105293	-0.402715574665275
0.36651914292	-2.14675498	-14.5186880878998	-15.5804202857475	-21.1564376058973	0.769243117656565	0.301337843646027
0.36651914292	-2.0943951024	-14.1680074539955	-16.4160823235486	-18.1034010275171	0.762930038337134	0.729779820616241
0.36651914292	-2.0420352248	-13.33872191599	-17.3327327788492	-15.5474961314608	0.777960043893731	0.919628856331383
0.36651914292	-1.9896753473	-12.5081577724144	-18.2767065479972	-13.8449211852021	0.813176852979868	1.01830277989939
0.36651914292	-1.9373154697	-11.8855104030234	-19.211104506261	-12.774544846081	0.854285752089357	1.08242635872328
0.36651914292	-1.8849555922	-11.4832814598516	-20.1299132743097	-12.1209808712458	0.876824876427525	1.13441304975077
0.36651914292	-1.8325957146	-11.2550649616379	-21.030772923512	-11.7382915681504	0.854084814017753	1.18659571708093
0.36651914292	-1.780235837	-11.1436534252103	-21.8219185465652	-11.5320102585554	0.765861235597267	1.24916506344942
0.36651914292	-1.7278759595	-11.1019341259097	-22.251843437953	-11.4486833456356	0.612626398480653	1.33114596718001
0.36651914292	-1.6755160819	-11.0825643034109	-22.0249543659937	-11.447016426607	0.430441367238796	1.43960246147099
0.36651914292	-1.6231562044	-11.0248258842764	-21.1112824137266	-11.4728998952412	0.276847853421792	1.57623651284359
0.36651914292	-1.5707963268	-10.8695787897644	-19.7515742081551	-11.4711932986109	0.187389601369992	1.73420838003323
0.36651914292	-1.5184364492	-10.5769545923202	-18.1995559599346	-11.4012591470729	0.163117630889609	1.89842225757588
0.36651914292	-1.4660765717	-10.1803981008609	-16.6045379587572	-11.3031954016646	0.189037879948948	2.05169776802115
0.36651914292	-1.4137166941	-9.75380476500419	-15.0771801238961	-11.2629089437964	0.249437089048134	2.18284057683596
0.36651914292	-1.3613568166	-9.37185060743665	-13.7009469510451	-11.3719313187366	0.334046832970621	2.28858116378807
0.36651914292	-1.308996939	-9.1041687620919	-12.5477117953839	-11.7205516254298	0.439752301488253	2.37255071231259
0.36651914292	-1.2566370614	-9.00546926175836	-11.6615947002829	-12.4014125913668	0.569842102599984	2.44002126878537
0.36651914292	-1.2042771839	-9.09516525743919	-11.0161552153097	-13.5629057611658	0.733343526584836	2.49208645326204
0.36651914292	-1.1519173063	-9.3387393938802	-10.5247583545268	-15.555188583366	0.941135633412458	2.51677175155973
0.36651914292	-1.0995574288	-9.50150151305682	-9.99370513329543	-19.2016743380428	1.19956144430059	2.4488866137211
0.36651914292	-1.0471975512	-9.09283754091727	-9.18381562233294	-25.9267225443646	1.49946014927444	1.80013103016642
0.36651914292	-0.9948376736	-7.7363476717708	-7.96341890818283	-20.6656104821599	1.81319060659277	0.467606817654766
0.36651914292	-0.9424777961	-5.71175648746294	-6.41110349087785	-13.9876545878778	2.11283029186158	0.273191841156
0.36651914292	-0.8901179185	-3.5699016192429	-4.71825770885454	-9.90851240891522	2.38699710129632	0.284832993633391
0.36651914292	-0.837758041	-1.62281559598289	-3.03844377771208	-7.17977118103049	2.63853189116019	0.348712428389684
0.36651914292	-0.7853981634	0.0404112366812773	-1.45562604095421	-5.31457472695145	2.87352572308624	0.434700093301778
0.36651914292	-0.7330382858	1.42276917459815	-0.0145242674494528	-4.07846465720093	3.09618120072834	0.533151160733051
0.36651914292	-0.6806784083	2.5563349478778	1.25907389135167	-3.32373108620055	-2.97507871395153	0.63942514678541
0.36651914292	-0.6283185307	3.4538417992432	2.32413553179724	-2.94696161865987	-2.77295190437221	0.750347445331677
0.36651914292	-0.5759586532	4.12548985509276	3.15775443584075	-2.86967332404519	-2.57935298197801	0.86380009935451
0.36651914292	-0.5235987756	4.56989636463388	3.74076786702706	-3.0296990696772	-2.3929763862506	0.97862675275761
0.36651914292	-0.47123889804	4.78298611264856	4.06306834051387	-3.37701562834631	-2.21236812388326	1.09731857381602
0.36651914292	-0.41887902048	4.77997476331937	4.14190485909416	-3.8643153178337	-2.0357208772549	1.22521138474093
0.36651914292	-0.36651914292	4.57801713199648	3.99394483925991	-4.42392363711292	-1.86443029213809	1.37059400164667
0.36651914292	-0.31415926536	4.22352430961509	3.66428884774356	-4.95498941922011	-1.70048755734332	1.54029251536729
0.36651914292	-0.2617993878	3.77596162940384	3.20562432196279	-5.32261196089313	-1.54799253542482	1.73329320529698
0.36651914292	-0.20943951024	3.30895653546403	2.68483127598547	-5.42449504006997	-1.4117061349882	1.93548991313411
0.36651914292	-0.15707963268	2.89674761313554	2.1759078225781	-5.25814382833762	-1.29462439230439	2.12419153013279
0.36651914292	-0.10471975512	2.6180058249304	1.77938576235819	-4.93674955868495	-1.19566102574187	2.28235227349885
0.36651914292	-0.05235987756	2.52309888122812	1.58466037600656	-4.59145936911967	-1.1081920874349	2.40443950668272
0.36651914292	-4.4408920985E-16	2.63728292198136	1.65799519050279	-4.31190402606966	-1.02265426331337	2.49546301243394
0.36651914292	0.05235987756	2.92292185890976	1.97053343659367	-4.13427560514943	2.21260774105053	-0.576395467138015
0.36651914292	0.10471975512	3.33383287174217	2.46332924559653	-4.07428845388009	2.31704581778522	-0.516429781992044
0.36651914292	0.15707963268	3.78824348244045	3.02921782512729	-4.16102194465247	2.43070111413934	-0.455199564798285
0.36651914292	0.20943951024	4.21386076911257	3.57711451349897	-4.4388022811979	2.54877637802257	-0.383942459392363
0.36651914292	0.2617993878	4.54565563801207	4.03039097872774	-4.96696932787877	2.66607867758538	-0.296818759177975
0.36651914292	0.31415926536	4.75639434730878	4.35588799725442	-5.79406904178446	2.7793061620721	-0.189752782026714
0.36651914292	0.36651914292	4.83165778129329	4.53239621582093	-6.93444749005418	2.88521436776453	-0.0620972646480487
0.36651914292	0.41887902048	4.7930785003241	4.57652458259108	-8.33693120887802	2.98149149539251	0.081141856632876
0.36651914292	0.47123889804	4.67152448081262	4.51557564252955	-9.85423828588203	3.06588787861541	0.221822605849752
0.36651914292	0.5235987756	4.50903723008489	4.39179934490024	-11.2366132005879	3.13658606083265	0.321635260676025
0.36651914292	0.5759586532	4.34421771278132	4.24453342702156	-12.0971051924793	-3.09026798789752	0.334850914650527
0.36651914292	0.6283185307	4.21120181792748	4.10505873969484	-11.960687960592	-3.04694827218252	0.26226175629148
0.36651914292	0.6806784083	4.14400359199864	4.00066550091441	-10.7416952854774	-3.01335621920793	0.181048758087547
0.36651914292	0.7330382858	4.15107985481264	3.93651012289273	-9.01792183290901	-2.98459426364735	0.159279942144285
0.36651914292	0.7853981634	4.20906878448284	3.89527923938667	-7.35833977361612	-2.95597009808031	0.202176887325405
0.36651914292	0.837758041	4.28823597784926	3.86111507245317	-5.99590917012629	-2.92407806897427	0.289202752164603
0.36651914292	0.8901179185	4.34702524543695	3.80506527447939	-4.95930812411767	-2.88759930034741	0.399011819424124
0.36651914292	0.9424777961	4.35458349368845	3.70497171541059	-4.21747868837388	-2.84707222990642	0.514469747144474
0.36651914292	0.9948376736	4.28747246027228	3.54256177148392	-3.73646154998461	-2.80457257687665	0.621697243221596
0.36651914292	1.0471975512	4.13208650190207	3.3092031564567	-3.49732097702764	-2.76286239834303	0.711611509627833
0.36651914292	1.0995574288	3.87406366901186	2.99033409617629	-3.47496014671435	-2.72449089257287	0.780861852815523
0.36651914292	1.1519173063	3.52133444180361	2.59316785368889	-3.63607054548489	-2.69207956342281	0.831519274489715
0.36651914292	1.2042771839	3.08030727019827	2.11591515281602	-3.92827602822781	-2.66728886373375	0.869859346455106
0.36651914292	1.2566370614	2.57876053536834	1.58132841977601	-4.29942445634895	-2.65244435587572	0.903177805961947
0.36651914292	1.308996939	2.02588153315871	0.990243037677801	-4.70741371926887	-2.64841271531128	0.936855088189444
0.36651914292	1.3613568166	1.43670768713265	0.356777447442249	-5.13596016513513	-2.6566543094068	0.970118403377322
0.36651914292	1.4137166941	0.810219673163791	-0.316321827913227	-5.60125321807109	-2.6780841801441	0.995267958337426
0.36651914292	1.4660765717	0.130271708788239	-1.03694726978251	-6.1465943388748	-2.71327722438595	1.00159253780941
0.36651914292	1.5184364492	-0.621080790394206	-1.8135526208567	-6.81704438215188	-2.76202438383355	0.977382755683821
0.36651914292	1.5707963268	-1.4574655660662	-2.65655872366438	-7.63254012526134	-2.82327704956111	0.915159433652602
0.36651914292	1.6231562044	-2.3772503493781	-3.57517833158118	-8.55599123398269	-2.89474715564913	0.812858566839308
0.36651914292	1.6755160819	-3.3733963404355	-4.58159247040672	-9.51996725897745	-2.97273304433045	0.674086715943912
0.36651914292	1.7278759595	-4.44632510117499	-5.70091529839887	-10.4513538146482	-3.05276182683005	0.505966153564625
0.36651914292	1.780235837	-5.60591110268852	-6.98162786544023	-11.2681796958525	-3.130132029679	0.312909423632251
0.36651914292	1.8325957146	-6.85019857327918	-8.50164020807288	-11.8489960530388	3.08202577509442	0.0925443247020974
0.36651914292	1.8849555922	-8.10306693591389	-10.3903844932446	-11.9812250671048	3.02006848391981	-0.152779196340798
0.36651914292	1.9373154697	-9.1197635817975	-12.8454530788514	-11.5160187081906	2.97143749491022	-0.401134259436768
0.36651914292	1.9896753473	-9.53536321786693	-16.2131566065508	-10.5860703219468	2.95282062122643	-0.621036033651642
0.36651914292	2.0420352248	-9.25943901258225	-21.1930405348767	-9.54699514675272	3.04501758053508	-0.800892549364991
0.36651914292	2.0943951024	-8.6650621992109	-27.603970085188	-8.72086819145738	-2.56230975599284	-0.950768951738008
0.36651914292	2.14675498	-8.18366913923845	-23.9651192286682	-8.29993158544412	-1.60137743846711	-1.08668170015296
0.36651914292	2.1991148575	-8.02358967349399	-19.1496567224033	-8.37232646810784	-1.49886609036109	-1.22325735378178
0.36651914292	2.2514747351	-8.18092827775258	-16.06379514603	-8.95275065050137	-1.61137836085356	-1.37026727848386
0.36651914292	2.3038346126	-8.54003221758068	-13.8911955471524	-10.0376425275568	-1.78085951003694	-1.53013216906017
0.36651914292	2.3561944902	-8.96116642534786	-12.3224468877763	-11.6467420924125	-1.96469120803432	-1.69804340460406
0.36651914292	2.4085543678	-9.367069021652	-11.2500484949994	-13.9039821751652	-2.14917701359985	-1.86287032229279
0.36651914292	2.4609142453	-9.75378254423828	-10.6215473047456	-17.1742658317195	-2.33121170988737	-2.01183064531813
0.36651914292	2.5132741229	-10.1171740768822	-10.3787397978356	-22.4493353973022	-2.50813351290786	-2.13964052003697
0.36651914292	2.5656340004	-10.4514352208202	-10.4681825843336	-34.5981848537705	-2.67570622660844	-2.3014962623948
0.36651914292	2.617993878	-10.8298494374444	-10.8638708271161	-31.9071716478864	-2.82430460767025	0.979625721220842
0.36651914292	2.6703537556	-11.4232074879203	-11.5825214925004	-25.8579245548322	-2.94345298106368	0.934322448760441
0.36651914292	2.7227136331	-12.406612649565	-12.6621051463226	-24.8377942562341	-3.02602002112376	0.969965260217057
0.36651914292	2.7750735107	-13.8931062771322	-14.1476569587057	-26.3398604464225	-3.07287120233421	1.08413440111512
0.36651914292	2.8274333882	-15.8855826425927	-16.0527537391973	-30.1151312752476	-3.10101772799601	1.36221415082811
0.36651914292	2.8797932658	-18.23528816661	-18.3288576574507	-34.9484893639254	3.12575239516777	2.12722690451132
0.36651914292	2.9321531434	-20.4553760830397	-20.6714278040025	-33.595219928434	2.94620994116926	3.09321090014686
0.36651914292	2.9845130209	-21.284591185881	-21.7628609578456	-31.1026455014995	2.56402083938601	-2.85037659486796
0.36651914292	3.0368728985	-19.8940269744298	-20.2829339902217	-30.566414818871	2.17387117656925	-2.82782621845321
0.36651914292	3.089232776	-17.6843278135875	-17.8785885577323	-31.27508876938	1.9725408190883	-3.07246655203567
0.36651914292	3.1415926536	-15.8301395774859	-15.9546935626795	-31.3165345675298	1.90314634669483	2.69160450246734
0.41887902048	-3.1415926536	-15.8289611767243	-16.0200027786332	-29.4906954305076	-1.2448660558014	-0.627217680754879
0.41887902048	-3.089232776	-14.6552777465183	-14.8899616393501	-27.4451015739407	-1.24290010835227	-1.02221342956495
0.41887902048	-3.0368728985	-14.0790460708325	-14.3872102019953	-25.722239307094	-1.20644423142839	-1.33537911959486
0.41887902048	-2.9845130209	-13.9634668651988	-14.3464605810158	-24.6994831429053	-1.14746675381874	-1.65241398931443
0.41887902048	-2.9321531434	-14.1018834799829	-14.5745716467367	-23.9681799344203	-1.07424016361621	-2.01247954488702
0.41887902048	-2.8797932658	-14.2749722248294	-14.8825282012601	-23.1171895135725	-0.996165436635914	-2.36803965778208
0.41887902048	-2.8274333882	-14.4188909005369	-15.1609391695852	-22.458155013303	-0.921108310178003	-2.64001108890728
0.41887902048	-2.7750735107	-14.6819046115522	-15.4137288678491	-22.7764547840035	-0.849247698660004	-2.79053991962491
0.41887902048	-2.7227136331	-15.2573096285349	-15.7481073494105	-24.9692154237292	-0.768494706015703	-2.76697631041012
0.41887902048	-2.6703537556	-16.0802372635783	-16.2888354303154	-29.3688571246884	-0.655842762170772	-2.21159205502616
0.41887902048	-2.617993878	-16.5223616513628	-17.0568471780887	-25.8853475849735	-0.478052548333956	-1.12493793984283
0.41887902048	-2.5656340004	-15.7898963600596	-17.7667376698644	-20.1590137562317	-0.2054332495991	-0.850692070396489
0.41887902048	-2.5132741229	-14.237811826711	-17.7709419805922	-16.7815140397117	0.13955564446372	-0.816889567873673
0.41887902048	-2.4609142453	-12.7800605919726	-16.8577598274553	-14.934230027753	0.453057760144255	-0.841465799195133
0.41887902048	-2.4085543678	-11.8293372439644	-15.6226130115775	-14.1764922231592	0.661625994215875	-0.878481109364287
0.41887902048	-2.3561944902	-11.4756302192069	-14.643543000391	-14.3338376320001	0.7724218001102	-0.901667835789694
0.41887902048	-2.3038346126	-11.6964532049294	-14.1288406788378	-15.3735465170814	0.814537098491297	-0.881018929356013
0.41887902048	-2.2514747351	-12.3907641730603	-14.0798623942108	-17.3092692860149	0.810795210169224	-0.761430147077809
0.41887902048	-2.1991148575	-13.3213315691971	-14.4409696003487	-19.7561968663118	0.779432547284771	-0.432421365870366
0.41887902048	-2.14675498	-14.0311618617737	-15.1384164215094	-20.5084013518843	0.735278325907156	0.15800196319367
0.41887902048	-2.0943951024	-14.1038290659426	-16.1364224389831	-18.3778984877822	0.693310374049076	0.647035415803571
0.41887902048	-2.0420352248	-13.5998523904585	-17.3881977193433	-15.9505448732957	0.663757195894702	0.894389740235846
0.41887902048	-1.9896753473	-12.9341450030026	-18.8696860692445	-14.2122595950232	0.651771788238624	1.02183303022154
0.41887902048	-1.9373154697	-12.3859546991103	-20.5155637709895	-13.1113749206531	0.651587193381302	1.09925732660438
0.41887902048	-1.8849555922	-12.0380579200112	-22.2227108612772	-12.4755921956769	0.644095243984086	1.15873743172661
0.41887902048	-1.8325957146	-11.8676067729694	-23.8341513570881	-12.1529169523594	0.597490410101986	1.21677740282818
0.41887902048	-1.780235837	-11.8193188075338	-25.0827902188316	-12.0291581381733	0.481793850619226	1.28653245987648
0.41887902048	-1.7278759595	-11.8384043729245	-25.5648983745162	-12.0265562437779	0.302545231387153	1.37837374876134
0.41887902048	-1.6755160819	-11.8583409369329	-25.0628235172914	-12.0711213446526	0.122573187642547	1.4990885013286
0.41887902048	-1.6231562044	-11.8179833168882	-23.8461702822012	-12.0991394648812	0.00988289277077929	1.64790485500356
0.41887902048	-1.5707963268	-11.6669201311968	-22.3086421368267	-12.0587110798689	-0.0160195038858163	1.81490009918315
0.41887902048	-1.5184364492	-11.4047468185931	-20.6534602883317	-11.9544230182938	0.0303757251263213	1.98359227455191
0.41887902048	-1.4660765717	-11.0765596041726	-18.9478273801348	-11.8506414782926	0.124794530047492	2.13893616936203
0.41887902048	-1.4137166941	-10.7555319188171	-17.2715167620382	-11.85159916483	0.24554556081502	2.27280049368551
0.41887902048	-1.3613568166	-10.4940905600228	-15.715197312424	-12.0464060514501	0.379826068420256	2.38449951437077
0.41887902048	-1.308996939	-10.3291539934994	-14.3762339591461	-12.5031005102616	0.526416841685938	2.47699762255769
0.41887902048	-1.2566370614	-10.295774267078	-13.2868103767743	-13.3254238994759	0.692551120117674	2.55423314766565
0.41887902048	-1.2042771839	-10.3988788869608	-12.4105766136257	-14.7081861518515	0.889471810640659	2.61511514719876
0.41887902048	-1.1519173063	-10.5226590618209	-11.5931126166577	-17.1290626208891	1.12668743909612	2.64258998397082
0.41887902048	-1.0995574288	-10.3257602641222	-10.6323425439171	-21.9905222849565	1.40108508654678	2.53869647437085
0.41887902048	-1.0471975512	-9.32231522041399	-9.36881991949354	-29.0484215488597	1.69364128687338	1.17971140264742
0.41887902048	-0.9948376736	-7.46056644012291	-7.8156824491079	-18.5110552259111	1.97920776348373	0.299929725195561
0.41887902048	-0.9424777961	-5.23497817873308	-6.11953014354122	-12.5803596162746	2.24395764274146	0.249128408123895
0.41887902048	-0.8901179185	-3.09266991275078	-4.42734812174419	-8.86700925149552	2.48890159975305	0.294274823818903
0.41887902048	-0.837758041	-1.21985890403222	-2.82161959847306	-6.32801889089389	2.72047390438025	0.369732602841789
0.41887902048	-0.7853981634	0.351479929952703	-1.33513320779452	-4.57225718006784	2.94321366850408	0.460467938271424
0.41887902048	-0.7330382858	1.64968953111827	0.0186381785581356	-3.39350937426046	-3.12439873856944	0.561231358328703
0.41887902048	-0.6806784083	2.70073406294659	1.20603443105378	-2.65750626052742	-2.91662694113784	0.668951324577691
0.41887902048	-0.6283185307	3.53603667041223	2.21314721467512	-2.27123855163547	-2.71767849852414	0.780622328333413
0.41887902048	-0.5759586532	4.15456283888181	2.99828587237854	-2.15798049024897	-2.52721213978596	0.894033161460486
0.41887902048	-0.5235987756	4.55172942329751	3.53757979453055	-2.26230509257185	-2.34348931484992	1.00816715522746
0.41887902048	-0.47123889804	4.72552221016408	3.82361913349127	-2.54387243517982	-2.16596028559909	1.12501145247196
0.41887902048	-0.41887902048	4.69337468978665	3.87543782375222	-2.95982226630834	-1.99321249988687	1.24980162970232
0.41887902048	-0.36651914292	4.47819270144539	3.71556353543702	-3.45225236114766	-1.8264011224119	1.39021080098855
0.41887902048	-0.31415926536	4.12616835807781	3.38765126481124	-3.93209634858093	-1.66824181812276	1.55225488495514
0.41887902048	-0.2617993878	3.68726872598073	2.93253144635077	-4.28452130613801	-1.5228901502487	1.73510500575243
0.41887902048	-0.20943951024	3.23922201122473	2.42092304454809	-4.41222811803564	-1.39469940881411	1.92624078971611
0.41887902048	-0.15707963268	2.85358912224923	1.92621631956374	-4.30714884951692	-1.28601525331626	2.10558400964397
0.41887902048	-0.10471975512	2.60004299574016	1.54329871057859	-4.05576464444442	-1.19479846462953	2.25654831436909
0.41887902048	-0.05235987756	2.52605888388995	1.36391502830693	-3.7673073865884	-1.1138759081483	2.37343416026579
0.41887902048	-4.4408920985E-16	2.63532432139546	1.42840817451168	-3.51523965266318	-1.03241372050307	2.46046119230663
0.41887902048	0.05235987756	2.91361626533293	1.7358855419959	-3.32933280971882	2.19909897236209	-0.614536029456379
0.41887902048	0.10471975512	3.3041893917133	2.21203856398638	-3.22546518263017	2.30091491189357	-0.556555571981702
0.41887902048	0.15707963268	3.74090007996937	2.76683226705396	-3.22898586070915	2.41191261127166	-0.496406797941415
0.41887902048	0.20943951024	4.15123486019193	3.30937696117955	-3.38835183949763	2.52711681791876	-0.425588410680095
0.41887902048	0.2617993878	4.47781954642849	3.77184007785424	-3.76031187441584	2.64184272132298	-0.338522909049241
0.41887902048	0.31415926536	4.68683372201441	4.11423262768529	-4.39564301843605	2.75276044906243	-0.233512675455096
0.41887902048	0.36651914292	4.77194514177212	4.32348808335382	-5.31098852654553	2.85729764035516	-0.111406236301133
0.41887902048	0.41887902048	4.74500975370329	4.40388817232223	-6.47318583634452	2.95335143165516	0.0219353634331893
0.41887902048	0.47123889804	4.63132903416996	4.37435419097173	-7.77546186463546	3.03903755278736	0.150741785032659
0.41887902048	0.5235987756	4.46724059528293	4.26865843242567	-9.03011289839538	3.11273285957868	0.245307907980441
0.41887902048	0.5759586532	4.28686227000774	4.11935162735566	-9.93404291090649	-3.10961725397929	0.269932170379888
0.41887902048	0.6283185307	4.11973047227722	3.95154720289836	-10.0841049972648	-3.06130729503981	0.217529505879471
0.41887902048	0.6806784083	3.99744715556607	3.7885065416496	-9.28421876621529	-3.02352456560695	0.140653305016555
0.41887902048	0.7330382858	3.93110588318875	3.63543175500608	-7.88560232972587	-2.99299553766329	0.104133430052925
0.41887902048	0.7853981634	3.91668885833333	3.49279364530215	-6.39879293880991	-2.96597499017298	0.126028836410942
0.41887902048	0.837758041	3.93542270818797	3.35795645782847	-5.11268860891188	-2.9394672617143	0.192873263962083
0.41887902048	0.8901179185	3.94916476430788	3.21014239669138	-4.10637510551999	-2.91153074924639	0.285770754275536
0.41887902048	0.9424777961	3.93125329109061	3.03673293881181	-3.37027356608503	-2.88201199793974	0.387897001318454
0.41887902048	0.9948376736	3.85147676443573	2.81408411782748	-2.87531090735385	-2.85186776142474	0.486066781906554
0.41887902048	1.0471975512	3.69373455401497	2.53096087822155	-2.59757958710758	-2.82315022230929	0.571207855800366
0.41887902048	1.0995574288	3.45191408986174	2.18492638832287	-2.51630877800333	-2.79834901963722	0.639012044532273
0.41887902048	1.1519173063	3.12016889742331	1.76625313615215	-2.60114304107288	-2.77942201675068	0.690333398938679
0.41887902048	1.2042771839	2.71276900227213	1.2869204566481	-2.81777666698308	-2.76869221666768	0.72922691914222
0.41887902048	1.2566370614	2.24201065752966	0.751626918652846	-3.12675332159497	-2.76755778399854	0.761477359917728
0.41887902048	1.308996939	1.72353557043909	0.172136223217387	-3.49970420438047	-2.77763551120519	0.790688026300334
0.41887902048	1.3613568166	1.17071373207904	-0.439102746275309	-3.91943913127514	-2.8000828796865	0.816048404144321
0.41887902048	1.4137166941	0.580246095228367	-1.0834273997452	-4.39223053297379	-2.83549773259619	0.831609350858266
0.41887902048	1.4660765717	-0.0585164306985461	-1.76568542814422	-4.9392534988563	-2.88436873944388	0.828740589133602
0.41887902048	1.5184364492	-0.76048955674273	-2.49663447290239	-5.58166527115889	-2.94613163621775	0.797902585372064
0.41887902048	1.5707963268	-1.53406676168184	-3.28432209604684	-6.32667259988995	-3.02013782297098	0.73336948211609
0.41887902048	1.6231562044	-2.37725066250605	-4.13764213696062	-7.14950562953305	-3.10404987547098	0.633752859485477
0.41887902048	1.6755160819	-3.2857107225888	-5.07061588260841	-8.00933214697287	3.08842914978288	0.501554290386525
0.41887902048	1.7278759595	-4.26015288081043	-6.1124685227735	-8.85413555581767	2.99454169932409	0.341383380736693
0.41887902048	1.780235837	-5.30256731786209	-7.31655551086332	-9.60798971632724	2.90010535252103	0.154225851864007
0.41887902048	1.8325957146	-6.38966201394411	-8.76550514017589	-10.1432283222706	2.80526738189038	-0.0597997910211726
0.41887902048	1.8849555922	-7.41899972703966	-10.5900782053113	-10.2742614077171	2.70625363598107	-0.293457477727975
0.41887902048	1.9373154697	-8.17072772548504	-12.9791868707327	-9.91313612601734	2.59574715107767	-0.524310922934861
0.41887902048	1.9896753473	-8.42704420684202	-16.2821223886822	-9.20429189487272	2.45850466279338	-0.727624795080216
0.41887902048	2.0420352248	-8.22114831228424	-21.3473055348449	-8.4378992898246	2.26158724166058	-0.896963040736358
0.41887902048	2.0943951024	-7.86468630563935	-32.0143594354975	-7.88142237754765	1.75567885964445	-1.0417230567926
0.41887902048	2.14675498	-7.66406332695273	-28.9424377733703	-7.69653986153102	-0.793911105233438	-1.17695680809443
0.41887902048	2.1991148575	-7.76066265241173	-21.2951920830261	-7.95751324254046	-1.21063985384954	-1.31557187059514
0.41887902048	2.2514747351	-8.13683397119193	-17.3792789804334	-8.68735664358086	-1.49210161018033	-1.46601473069619
0.41887902048	2.3038346126	-8.65897792936305	-14.75992742462	-9.88190908723026	-1.74002775225142	-1.62972801212516
0.41887902048	2.3561944902	-9.17233415513287	-12.8921327859487	-11.5729318573648	-1.96367343316022	-1.80079104413387
0.41887902048	2.4085543678	-9.60417678724492	-11.6175376375243	-13.9106626742767	-2.16841402424327	-1.96793035858757
0.41887902048	2.4609142453	-9.9556834791715	-10.846140473342	-17.2750209613585	-2.35989181250475	-2.12036411616532
0.41887902048	2.5132741229	-10.2537893781933	-10.5096879696696	-22.6782745895283	-2.54028977047399	-2.26037585733166
0.41887902048	2.5656340004	-10.5347179572292	-10.5505545220638	-34.9238671153413	-2.7068787787177	-2.52250958947565
0.41887902048	2.617993878	-10.9003655540037	-10.9324730268945	-32.228191267604	-2.85310337446252	0.997076850184639
0.41887902048	2.6703537556	-11.5389759567901	-11.6764384024976	-26.6035283393721	-2.97015103254473	0.913392358088575
0.41887902048	2.7227136331	-12.6059053459659	-12.8104879254889	-25.9769517021863	-3.05236117146257	0.962923329366942
0.41887902048	2.7750735107	-14.1861902169344	-14.3723895126792	-27.9570200132836	-3.10161396656387	1.13744586110707
0.41887902048	2.8274333882	-16.2412729554589	-16.3629804642377	-31.8266539792608	-3.13575390392509	1.59094582287505
0.41887902048	2.8797932658	-18.5629009940004	-18.7015844773519	-33.5896539116305	3.07951548653914	2.47887232854641
0.41887902048	2.9321531434	-20.6170088246905	-20.9984462785066	-31.3699415174119	2.88224762342289	3.07567715055409
0.41887902048	2.9845130209	-21.2183196543786	-21.8328702524295	-30.0142387855542	2.49725179053881	-3.00340014222613
0.41887902048	3.0368728985	-19.7767751079428	-20.2094019371641	-30.008001608327	2.13535707156764	-3.03669583231771
0.41887902048	3.089232776	-17.6227732674409	-17.8587593634614	-30.389210994474	1.95558386368986	2.9656023829966
0.41887902048	3.1415926536	-15.8289611767243	-16.0200027786332	-29.4906954305076	1.8967265977884	2.51437497283491
0.47123889804	-3.1415926536	-15.8271757423926	-16.1089244042181	-27.8465129905818	-1.25142989651532	-0.745949558934031
0.47123889804	-3.089232776	-14.6960784679998	-15.0446185355672	-25.8244990732877	-1.24305783197591	-1.04563540179432
0.47123889804	-3.0368728985	-14.1383257256572	-14.580644705781	-24.2780956864218	-1.1993945145574	-1.29211453393125
0.47123889804	-2.9845130209	-14.0205845668218	-14.5465868729629	-23.4488981933042	-1.12939699319264	-1.55465669951151
0.47123889804	-2.9321531434	-14.1313445280224	-14.7313195126107	-23.0243906603082	-1.04024157488216	-1.868535032896
0.47123889804	-2.8797932658	-14.2509366961318	-14.9399519043893	-22.5864455646865	-0.942821207081083	-2.20292967314498
0.47123889804	-2.8274333882	-14.2996842624817	-15.0577791667265	-22.253826645346	-0.849889420272239	-2.48108383020977
0.47123889804	-2.7750735107	-14.435618566894	-15.1302162922516	-22.7387991319767	-0.766425854105878	-2.64778126416119
0.47123889804	-2.7227136331	-14.8509204116522	-15.2907786815008	-25.0137089797322	-0.685729513954556	-2.64113721503497
0.47123889804	-2.6703537556	-15.5166106230893	-15.6891770899025	-29.6108871956876	-0.586634941217361	-2.0938429243924
0.47123889804	-2.617993878	-15.9415988968892	-16.3933523349976	-25.9943462645836	-0.439139842294246	-0.976765736061001
0.47123889804	-2.5656340004	-15.4251590624257	-17.2413835891445	-20.087817274277	-0.208744604058202	-0.708034596423969
0.47123889804	-2.5132741229	-14.0821763847393	-17.654247732244	-16.5951189067573	0.110910106299575	-0.677590186786728
0.47123889804	-2.4609142453	-12.6745456979858	-17.1068130657403	-14.6153962411893	0.440632196717492	-0.703899703720469
0.47123889804	-2.4085543678	-11.6584217802726	-15.9412625326297	-13.6857885682476	0.679732578312784	-0.742659910375169
0.47123889804	-2.3561944902	-11.169319307827	-14.8394810893366	-13.6069183176742	0.809992977963259	-0.769816757530902
0.47123889804	-2.3038346126	-11.2058387472758	-14.1425237310843	-14.291023032521	0.860401688254423	-0.761942095255308
0.47123889804	-2.2514747351	-11.7096480814173	-13.9122405224724	-15.7130003649515	0.857380525125303	-0.680747193067667
0.47123889804	-2.1991148575	-12.5374561376935	-14.1300309392133	-17.6662819885492	0.821379765602299	-0.462143485814813
0.47123889804	-2.14675498	-13.396619924983	-14.756355198223	-19.1020631556767	0.767611937266779	-0.0405463586597939
0.47123889804	-2.0943951024	-13.9022815091808	-15.7688903981073	-18.4695190248023	0.708426343745479	0.446023313843656
0.47123889804	-2.0420352248	-13.8737344835658	-17.1708230642341	-16.6150166054188	0.651905373128738	0.772946703130666
0.47123889804	-1.9896753473	-13.5085228991536	-18.9542117113198	-14.9678015245619	0.601625265580126	0.954975593529118
0.47123889804	-1.9373154697	-13.1034764839268	-21.0926989838792	-13.8549129787186	0.553995288940223	1.06415261151994
0.47123889804	-1.8849555922	-12.8239831728188	-23.4680014893882	-13.2155573950286	0.493719248427723	1.14295235172387
0.47123889804	-1.8325957146	-12.7066235728192	-25.8062508977981	-12.9247365914802	0.394130706089278	1.21529093302948
0.47123889804	-1.780235837	-12.7167665128375	-27.5856479726266	-12.860670051888	0.232745829129808	1.29832943400544
0.47123889804	-1.7278759595	-12.7910774965168	-28.2231744695601	-12.9172214816056	0.0398808285224634	1.40455658524487
0.47123889804	-1.6755160819	-12.8508191807895	-27.7154289447309	-12.9948667068563	-0.102668041637507	1.54025647364171
0.47123889804	-1.6231562044	-12.8234056242319	-26.5911615938683	-13.0097396228209	-0.146439842786394	1.70197374632481
0.47123889804	-1.5707963268	-12.6816478380659	-25.2194944648284	-12.9307604661276	-0.0937707148959318	1.87651505526408
0.47123889804	-1.5184364492	-12.4607055115389	-23.6572519789565	-12.8036008922738	0.0327931190581941	2.04713854834925
0.47123889804	-1.4660765717	-12.2337442538635	-21.8814813629799	-12.7322832360873	0.201803824564109	2.2012166452611
0.47123889804	-1.4137166941	-12.0560493111622	-19.9714077081573	-12.8215805701507	0.383282634768314	2.33484207973852
0.47123889804	-1.3613568166	-11.9443453663588	-18.1026675333277	-13.1487790443775	0.563166012841187	2.4485416279891
0.47123889804	-1.308996939	-11.8982638799296	-16.4109100980963	-13.7944714302316	0.744222945999843	2.54490170417327
0.47123889804	-1.2566370614	-11.8953865723984	-14.9395291554071	-14.8721055852573	0.938017485025956	2.62369743081356
0.47123889804	-1.2042771839	-11.8660886264853	-13.6087319293276	-16.6740719362491	1.15576320556809	2.67684725843612
0.47123889804	-1.1519173063	-11.5872734698359	-12.267337495083	-19.9752143355997	1.39924916237205	2.66608278712039
0.47123889804	-1.0995574288	-10.688370390935	-10.7824637595593	-27.377585077281	1.65751817829074	2.26646267432138
0.47123889804	-1.0471975512	-8.98603906111485	-9.12853312486053	-23.8969666820792	1.91326228224397	0.501059167490089
0.47123889804	-0.9948376736	-6.78614346993776	-7.39175741301709	-15.6413166577007	2.15444690889777	0.271970947779427
0.47123889804	-0.9424777961	-4.53571101623811	-5.68073930202292	-10.8853346658078	2.38081200748283	0.278241952375646
0.47123889804	-0.8901179185	-2.49605762107504	-4.06768760083935	-7.67254084780887	2.59763942338331	0.333683889404968
0.47123889804	-0.837758041	-0.753914637399696	-2.57715698865316	-5.40308878998894	2.81052439747418	0.410223897771689
0.47123889804	-0.7853981634	0.696382769597967	-1.2062609189048	-3.80453175410546	3.02181235677568	0.500385560257688
0.47123889804	-0.7330382858	1.88915484576875	0.042725809495641	-2.7159165214607	-3.05311298832669	0.600287713479293
0.47123889804	-0.6806784083	2.85358288258862	1.1462312618666	-2.02677497114773	-2.85030376437331	0.707544174933885
0.47123889804	-0.6283185307	3.61306266049542	2.07830202071784	-1.6491788971027	-2.65520089007712	0.81874762126253
0.47123889804	-0.5759586532	4.17117171518705	2.80554090565374	-1.51827595929887	-2.46849117453818	0.931273165747054
0.47123889804	-0.5235987756	4.51632797487125	3.2942744207356	-1.58732099434616	-2.28824861569627	1.0441304190442
0.47123889804	-0.47123889804	4.65220905495889	3.54396059662695	-1.82160969702554	-2.11446602161007	1.15890844972023
0.47123889804	-0.41887902048	4.59202928049452	3.56810975221393	-2.18506142535526	-1.94619242519229	1.28073147994138
0.47123889804	-0.36651914292	4.36574885602867	3.39748606942691	-2.62730217662512	-1.78463864182475	1.41645971996897
0.47123889804	-0.31415926536	4.01038253897837	3.06264493448763	-3.06583417606891	-1.63311693077958	1.57161158422051
0.47123889804	-0.2617993878	3.58821136297505	2.61825498315883	-3.39806536861626	-1.49578894457164	1.74498881174881
0.47123889804	-0.20943951024	3.16180123574158	2.11712256799649	-3.53808843013242	-1.37647465086464	1.92548630377069
0.47123889804	-0.15707963268	2.80632873378213	1.63985649456485	-3.4729599724434	-1.276881111009	2.09471565053074
0.47123889804	-0.10471975512	2.58214458005547	1.27615115079266	-3.27293375688616	-1.19397737185247	2.23759242736193
0.47123889804	-0.05235987756	2.52303459192953	1.10524390653611	-3.02831437326529	-1.11951368694631	2.34867888543268
0.47123889804	-4.4408920985E-16	2.6367212529496	1.17362610512037	-2.79942552794137	-1.0429922831381	2.43112490305827
0.47123889804	0.05235987756	2.90134589798406	1.46825310973523	-2.61061441295085	2.18505750876213	-0.647147779657427
0.47123889804	0.10471975512	3.27192325848123	1.92717418649454	-2.47454619918168	2.28380150322453	-0.591542808330536
0.47123889804	0.15707963268	3.68798370780443	2.46633126284119	-2.41689979785941	2.39176060730798	-0.532695117263144
0.47123889804	0.20943951024	4.0819211108153	3.00053040733924	-2.48557742593096	2.50389636268233	-0.462575925317678
0.47123889804	0.2617993878	4.4031865004261	3.4711586814974	-2.73805079881894	2.61600884759142	-0.376561471473586
0.47123889804	0.31415926536	4.61173206020607	3.83076990433055	-3.22444235222655	2.72440043847784	-0.273740111559799
0.47123889804	0.36651914292	4.69743795150998	4.06227115760345	-3.96524077888109	2.82709264840143	-0.15594616641862
0.47123889804	0.41887902048	4.67945580585365	4.17746080412299	-4.93997344278238	2.92267561082033	-0.0291789944511742
0.47123889804	0.47123889804	4.57661570828015	4.18546433150174	-6.07188666790691	3.00953088895594	0.0931825850010214
0.47123889804	0.5235987756	4.41541400256652	4.10662772626856	-7.21932759616928	3.08610659629593	0.187646909058672
0.47123889804	0.5759586532	4.22671684994406	3.96806320996567	-8.1526252948328	-3.13175129932071	0.225149068657596
0.47123889804	0.6283185307	4.02649036262599	3.77928681890872	-8.5438213245667	-3.07795625708993	0.193042604720152
0.47123889804	0.6806784083	3.84919871061078	3.56553789696971	-8.14170941910182	-3.03492763996863	0.123119912287324
0.47123889804	0.7330382858	3.70905006586457	3.33165781125812	-7.08819299394066	-3.00082309901728	0.0727963024093333
0.47123889804	0.7853981634	3.61679870569381	3.08962349078386	-5.80241617138026	-2.97319558514513	0.0717382408211431
0.47123889804	0.837758041	3.55723262825699	2.83816893124024	-4.60750917615978	-2.94964296716607	0.115719558481604
0.47123889804	0.8901179185	3.50418619667502	2.57087022811289	-3.6316739300558	-2.92836939770661	0.188726024969852
0.47123889804	0.9424777961	3.4367509223792	2.28640584759809	-2.89529494965044	-2.90869326842563	0.275040722791324
0.47123889804	0.9948376736	3.33099661797828	1.97418777021322	-2.38241651557701	-2.89104904335143	0.361449871645616
0.47123889804	1.0471975512	3.16112129977078	1.61284437541295	-2.0693995565917	-2.8765497773123	0.43895776085097
0.47123889804	1.0995574288	2.92445509779208	1.20641649396296	-1.93379647303805	-2.86714243051184	0.502657120955452
0.47123889804	1.1519173063	2.61187105497437	0.744902166310425	-1.95469609225694	-2.86455369755142	0.551974977934811
0.47123889804	1.2042771839	2.2346938966604	0.240393807880686	-2.10430301632383	-2.87080199784708	0.589910874572191
0.47123889804	1.2566370614	1.80078674201663	-0.303616100393043	-2.35556421817294	-2.8873208109746	0.620127500479259
0.47123889804	1.308996939	1.32394615397657	-0.873940708521828	-2.68653927239863	-2.915175096443	0.645245084617838
0.47123889804	1.3613568166	0.811417656525126	-1.46450454957553	-3.08322991350724	-2.95515403829492	0.664495397979459
0.47123889804	1.4137166941	0.263494713641042	-2.07559185061783	-3.54106257717003	-3.00772358623603	0.67312096319757
0.47123889804	1.4660765717	-0.327069362061271	-2.71062867793708	-4.07006115129811	-3.07285695694559	0.663761695903138
0.47123889804	1.5184364492	-0.971568180722162	-3.38275701332975	-4.6770575474657	3.13275467844008	0.628834094938936
0.47123889804	1.5707963268	-1.67344166192073	-4.09649168381323	-5.363002755011	3.04371000330439	0.563984604252665
0.47123889804	1.6231562044	-2.43315750006297	-4.86291987828762	-6.11374963472938	2.94515829508337	0.467444726199051
0.47123889804	1.6755160819	-3.24789685846724	-5.69717301219244	-6.90259769958586	2.8397078335922	0.341073156295506
0.47123889804	1.7278759595	-4.11337551710526	-6.62634589979686	-7.68541130955754	2.73013998170487	0.186919436814319
0.47123889804	1.780235837	-5.02826054679857	-7.70911965538062	-8.39505806502352	2.61696283766747	0.00550730466678584
0.47123889804	1.8325957146	-5.94944314000349	-9.02386106017482	-8.89655799610185	2.49775238588742	-0.201491976781449
0.47123889804	1.8849555922	-6.77089616779534	-10.6721781747603	-9.04225410081553	2.36320087340758	-0.423486663986051
0.47123889804	1.9373154697	-7.32926341811514	-12.7777447421925	-8.7874273418294	2.19696767472922	-0.63882567006236
0.47123889804	1.9896753473	-7.51925158525979	-15.4984997569535	-8.27257475984807	1.97010454712248	-0.828849058788979
0.47123889804	2.0420352248	-7.43017863914449	-18.9893415258045	-7.74458663823037	1.62065692780689	-0.989288006157153
0.47123889804	2.0943951024	-7.30123249355082	-22.9849227123358	-7.42017826413181	1.00195821084363	-1.12995325083281
0.47123889804	2.14675498	-7.35380471542791	-24.3849788971042	-7.44070165788496	-0.00290091956077012	-1.26431461878064
0.47123889804	2.1991148575	-7.6830311567313	-21.3905137035255	-7.87202670075964	-0.833715422459331	-1.40386537897572
0.47123889804	2.2514747351	-8.2468619718131	-18.0081318399577	-8.73179100707473	-1.33862215167224	-1.55592450761669
0.47123889804	2.3038346126	-8.89668244485593	-15.3036008234093	-10.0245736669374	-1.69005179998768	-1.72065847692957
0.47123889804	2.3561944902	-9.46787817678401	-13.2837239021155	-11.7989272517092	-1.96330114750996	-1.89105844340249
0.47123889804	2.4085543678	-9.88817805734918	-11.8834295167822	-14.2255430826353	-2.19214171447552	-2.05570068738505
0.47123889804	2.4609142453	-10.1808056995104	-11.0237597979862	-17.715271436847	-2.39444371119833	-2.20488824656142
0.47123889804	2.5132741229	-10.4084525152678	-10.6363776773708	-23.3218370847196	-2.57841266473986	-2.34427424196705
0.47123889804	2.5656340004	-10.64518807554	-10.6573873803997	-36.1657785688776	-2.74480744026371	-2.6502734250496
0.47123889804	2.617993878	-11.0293743500768	-11.0597984148643	-32.590248242679	-2.88867681350374	0.957382488799159
0.47123889804	2.6703537556	-11.7325639199937	-11.8478725975144	-27.549313896138	-3.00368995282059	0.884211043261147
0.47123889804	2.7227136331	-12.8989239976079	-13.0552939155263	-27.4131853994116	-3.08537101086457	0.97022600620607
0.47123889804	2.7750735107	-14.5734667773489	-14.7035461631598	-29.874102469329	-3.13685790638201	1.24924290508983
0.47123889804	2.8274333882	-16.6715442187993	-16.7791296095851	-32.7855359626553	3.10601375206884	1.92904675082215
0.47123889804	2.8797932658	-18.9281586284713	-19.1689896063717	-31.6087372994585	3.02555633574399	2.69156123271172
0.47123889804	2.9321531434	-20.7720826529641	-21.3783946655687	-29.6225936871902	2.80972421706838	3.04095991032622
0.47123889804	2.9845130209	-21.1292618037695	-21.910100054309	-28.9660652136457	2.42691189954862	-3.1379879526966
0.47123889804	3.0368728985	-19.6445804499153	-20.1515670763787	-29.2234860967035	2.09692234950362	3.05824008657404
0.47123889804	3.089232776	-17.5586576491411	-17.8649791308663	-29.2269867571981	1.93888539219725	2.76785526809679
0.47123889804	3.1415926536	-15.8271757423926	-16.1089244042181	-27.8465129905818	1.89016275707448	2.39564309465576
0.5235987756	-3.1415926536	-15.8300600180889	-16.2275186995759	-26.4121970893	-1.2579965847352	-0.828759098528158
0.5235987756	-3.089232776	-14.7389418199606	-15.224902625412	-24.4914874163492	-1.24378998402847	-1.06055385030549
0.5235987756	-3.0368728985	-14.2008802755261	-14.8027889712307	-23.0808962296205	-1.19325026943545	-1.25684579635664
0.5235987756	-2.9845130209	-14.0845847424303	-14.7825598793585	-22.3683429505633	-1.11225032304055	-1.47422513147069
0.5235987756	-2.9321531434	-14.1738661373305	-14.9306484684391	-22.1348972361854	-1.0068867389517	-1.74389084632693
0.5235987756	-2.8797932658	-14.2420201432901	-15.0354069806697	-22.0156693122447	-0.889794449344193	-2.04831941587228
0.5235987756	-2.8274333882	-14.208180256707	-14.9993858381699	-21.9927284283325	-0.779434036836137	-2.32114298250298
0.5235987756	-2.7750735107	-14.216554006986	-14.890066970463	-22.643342806239	-0.684713695815261	-2.4971967824504
0.5235987756	-2.7227136331	-14.4725926022405	-14.8815554076403	-24.9364745037649	-0.602773053630028	-2.5037759215673
0.5235987756	-2.6703537556	-14.9871883252237	-15.1441897653145	-29.4842593116271	-0.515167655816093	-1.9864488084229
0.5235987756	-2.617993878	-15.4003123953096	-15.7837545149549	-26.1314678916614	-0.394563874005849	-0.869003324987163
0.5235987756	-2.5656340004	-15.0935614253949	-16.7275976393681	-20.1302190530638	-0.205065154919074	-0.587946292604325
0.5235987756	-2.5132741229	-13.9815973325031	-17.5339675765788	-16.5100400750293	0.0806404553118372	-0.553960711058623
0.5235987756	-2.4609142453	-12.6477312943023	-17.4799308076757	-14.3784685835371	0.420807123831374	-0.57885521810492
0.5235987756	-2.4085543678	-11.5703281794308	-16.4913381902472	-13.2582360782632	0.699508496790383	-0.617360849674475
0.5235987756	-2.3561944902	-10.9392440728992	-15.2936019881859	-12.9246165438519	0.862800989476132	-0.649080704861431
0.5235987756	-2.3038346126	-10.7767353216605	-14.3901736099522	-13.2575363724452	0.931593796958335	-0.653900156353881
0.5235987756	-2.2514747351	-11.0619714122415	-13.9458762239387	-14.2024556139652	0.93885077815387	-0.607069591132665
0.5235987756	-2.1991148575	-11.7100464774442	-13.9624696428679	-15.6390351373638	0.909928201586673	-0.4713351771103
0.5235987756	-2.14675498	-12.5699168463497	-14.4349176536566	-17.1401507714974	0.86222720403279	-0.20437997033367
0.5235987756	-2.0943951024	-13.3875214797743	-15.3570587805065	-17.7693384451197	0.807358993151835	0.179645933559639
0.5235987756	-2.0420352248	-13.8973419889751	-16.7407243709387	-17.0812321746358	0.754880722909139	0.544525016769089
0.5235987756	-1.9896753473	-14.0284768521714	-18.6066723817835	-15.889213180035	0.707924098871691	0.796851404115397
0.5235987756	-1.9373154697	-13.9300801908031	-20.9387835396081	-14.8944424586949	0.665362248614343	0.957521667189501
0.5235987756	-1.8849555922	-13.8114015937614	-23.6488878773722	-14.2874147674026	0.619754057212849	1.06970072832461
0.5235987756	-1.8325957146	-13.794718764786	-26.4935158565498	-14.0345132326063	0.554726508911011	1.16505882856369
0.5235987756	-1.780235837	-13.8892982333848	-28.9677904281826	-14.026313142296	0.454354861072875	1.2667718734116
0.5235987756	-1.7278759595	-14.045962294705	-30.4336111309952	-14.1469007314723	0.335058981040684	1.39049603372226
0.5235987756	-1.6755160819	-14.172950427236	-30.6413615541999	-14.2720077649133	0.259297491230437	1.54300214052453
0.5235987756	-1.6231562044	-14.1889103170216	-29.9047685408212	-14.3069662765741	0.275008655563197	1.71853095436206
0.5235987756	-1.5707963268	-14.0725629309326	-28.5281328824856	-14.2310997141202	0.379267151836327	1.90086414581701
0.5235987756	-1.5184364492	-13.8964521761408	-26.6140978990421	-14.1351791041391	0.536783667720225	2.07288128989167
0.5235987756	-1.4660765717	-13.7542193971937	-24.2992876280759	-14.1552473073294	0.70643770650503	2.22521650099014
0.5235987756	-1.4137166941	-13.694691703237	-21.8511306290618	-14.4152521559599	0.865552655733898	2.35545098330276
0.5235987756	-1.3613568166	-13.6771673602168	-19.5070777134499	-14.992025041142	1.01503131071981	2.46606202319164
0.5235987756	-1.308996939	-13.6198060347617	-17.3828430382636	-15.9887659372777	1.1671383221939	2.55539020357316
0.5235987756	-1.2566370614	-13.3944010890393	-15.4764487589921	-17.5868510160712	1.33302162418437	2.61591716847147
0.5235987756	-1.2042771839	-12.8419916325569	-13.6977971349525	-20.316962273157	1.51776804747086	2.61161446749949
0.5235987756	-1.1519173063	-11.7721609934207	-11.9540524541956	-25.6425093172832	1.71772815042929	2.34278974684803
0.5235987756	-1.0995574288	-10.098850975933	-10.1917730734731	-26.8418822514407	1.92332367904222	0.875523247919027
0.5235987756	-1.0471975512	-7.99595772513377	-8.43269854656164	-18.1881035332193	2.12584139743542	0.371311587588514
0.5235987756	-0.9948376736	-5.77290079435911	-6.73234530507659	-12.8014394300695	2.32226495557584	0.313287292052243
0.5235987756	-0.9424777961	-3.67447359804541	-5.14075130313514	-9.10268577084949	2.51533434884548	0.337172778833167
0.5235987756	-0.8901179185	-1.82205042712671	-3.67459306732469	-6.41560636887071	2.70935547842477	0.392166755630125
0.5235987756	-0.837758041	-0.250214446141687	-2.3292323493864	-4.44759437850491	2.90736490747454	0.465140125986182
0.5235987756	-0.7853981634	1.05762848317858	-1.08787430857004	-3.03360124752894	3.10861527267824	0.551654976991449
0.5235987756	-0.7330382858	2.1320893991157	0.0486549998075969	-2.05810706755931	-2.97323974419563	0.649026905122279
0.5235987756	-0.6806784083	3.00007446930322	1.05905161066785	-1.43188709530507	-2.77596318103806	0.75429116386324
0.5235987756	-0.6283185307	3.68124653751755	1.91538594067946	-1.08008687716595	-2.58569709138897	0.863951090658906
0.5235987756	-0.5759586532	4.16938441601316	2.57155347861341	-0.947599118498444	-2.4030171380406	0.975091605105492
0.5235987756	-0.5235987756	4.46264806932717	3.00849502010014	-0.995901985100443	-2.2273112558424	1.08618258042294
0.5235987756	-0.47123889804	4.55901402997553	3.21794793802866	-1.197619404497	-2.05784991484994	1.19875204040882
0.5235987756	-0.41887902048	4.47425907869777	3.21694868218012	-1.52265810190318	-1.89459935884611	1.31737855245054
0.5235987756	-0.36651914292	4.23724283716044	3.03381352455834	-1.92422336943291	-1.73914476957555	1.44846295013265
0.5235987756	-0.31415926536	3.88593136179939	2.69887642792049	-2.32722040305504	-1.59521229553575	1.5968921399198
0.5235987756	-0.2617993878	3.47738763734299	2.25888985841076	-2.63722155853296	-1.46675475591296	1.7612041922579
0.5235987756	-0.20943951024	3.08057295913312	1.77564500365195	-2.77754385827065	-1.35741441795748	1.93100119198607
0.5235987756	-0.15707963268	2.758739219735	1.31964011873203	-2.73789512405887	-1.26765521357488	2.08994244104142
0.5235987756	-0.10471975512	2.56307429048801	0.974338951534716	-2.57443159502811	-1.19344376449841	2.22408919761848
0.5235987756	-0.05235987756	2.52200713060511	0.816730603921961	-2.36266251447858	-1.12579399441309	2.32853209706765
0.5235987756	-4.4408920985E-16	2.6364041412981	0.885200380022168	-2.15429142151921	-1.05421543265136	2.40605334165106
0.5235987756	0.05235987756	2.88791567563018	1.16771190453686	-1.96587746928208	2.17017058310891	-0.675759311405873
0.5235987756	0.10471975512	3.23736192980861	1.6072256821687	-1.80784529048517	2.26563035426495	-0.62264002798322
0.5235987756	0.15707963268	3.63031130532706	2.12637668624128	-1.70553106560063	2.3704215283031	-0.56548784550529
0.5235987756	0.20943951024	4.00714852220598	2.65043543547463	-1.70652574756062	2.47934073640133	-0.496801795445309
0.5235987756	0.2617993878	4.31490811491306	3.11771100946661	-1.86613461997374	2.5880571854479	-0.412509796772747
0.5235987756	0.31415926536	4.52005306851625	3.48942560706618	-2.23190066099428	2.69368659895586	-0.31226441219783
0.5235987756	0.36651914292	4.61206421016581	3.74925244890629	-2.83088429156223	2.79455832793041	-0.198427932866534
0.5235987756	0.41887902048	4.60192885052099	3.89876950699068	-3.6522138074808	2.88946107502631	-0.0767578798178956
0.5235987756	0.47123889804	4.50540950335666	3.94166653368344	-4.64044506801465	2.97696612054365	0.0416425769817659
0.5235987756	0.5235987756	4.35273245244474	3.89980138363457	-5.68928705446983	3.05615095506938	0.138028264089659
0.5235987756	0.5759586532	4.15782903721308	3.77967300688374	-6.63100989827108	3.12565225531609	0.18864304105401
0.5235987756	0.6283185307	3.93992624738375	3.59340795752698	-7.21276243632976	-3.09836347989406	0.177844567711841
0.5235987756	0.6806784083	3.71629671210959	3.34770308661072	-7.17906162265281	-3.04950412888701	0.12043185921209
0.5235987756	0.7330382858	3.50369268343667	3.04726824541831	-6.50667526231666	-3.0101810642814	0.0612920695690236
0.5235987756	0.7853981634	3.32241150920382	2.7086802665922	-5.47890173249111	-2.97930844463826	0.0375716338702667
0.5235987756	0.837758041	3.16921133061666	2.33644223006825	-4.41311879131935	-2.95528709906303	0.0562084135997713
0.5235987756	0.8901179185	3.03272728499302	1.93831040403127	-3.48901118847181	-2.93721539686608	0.106478832168017
0.5235987756	0.9424777961	2.89583064766759	1.51818276989982	-2.76126059128699	-2.9243535174378	0.173892040074517
0.5235987756	0.9948376736	2.7326228845502	1.06499588197087	-2.23139623817567	-2.91678292515179	0.245793970032568
0.5235987756	1.0471975512	2.53680731863706	0.589393604101168	-1.88383630635875	-2.9156062121186	0.312637056991536
0.5235987756	1.0995574288	2.28821249511204	0.0747267219013181	-1.69870099345877	-2.92191286730485	0.369373900026214
0.5235987756	1.1519173063	1.98562022829028	-0.47040930344903	-1.66018284767144	-2.93738574801802	0.414413791780832
0.5235987756	1.2042771839	1.63003752012617	-1.04095724243547	-1.74834068594051	-2.96332220698593	0.449372220144161
0.5235987756	1.2566370614	1.22936754991309	-1.6237404912841	-1.94402820684141	-3.00092313908471	0.476793685195245
0.5235987756	1.308996939	0.790373005070229	-2.20933431495518	-2.23054548728028	-3.05052177842264	0.498459395474279
0.5235987756	1.3613568166	0.318955059121166	-2.79068991567692	-2.59422167134825	-3.11221774373149	0.51304302040063
0.5235987756	1.4137166941	-0.184860566122153	-3.37074273060642	-3.02640199682421	3.09733943231711	0.516580369387785
0.5235987756	1.4660765717	-0.725772590113723	-3.95654987652359	-3.52624943823071	3.01194858552683	0.502987864621377
0.5235987756	1.5184364492	-1.30993786723065	-4.55770691868096	-4.09508294431043	2.91505981989371	0.465797345067872
0.5235987756	1.5707963268	-1.94059948302125	-5.18287555008197	-4.73068843890808	2.80760907122167	0.401156680335238
0.5235987756	1.6231562044	-2.61476637301135	-5.83710918581676	-5.42289623192291	2.69143169596077	0.307462434498312
0.5235987756	1.6755160819	-3.33206873130015	-6.53858327299783	-6.15463720632043	2.56931126087464	0.185465236558794
0.5235987756	1.7278759595	-4.08830207436927	-7.31817446425191	-6.88959862281196	2.4428403366369	0.036259261051535
0.5235987756	1.780235837	-4.86971375297519	-8.23227547246289	-7.55419307586852	2.31130137349037	-0.139544948700844
0.5235987756	1.8325957146	-5.62878278310405	-9.34292688306655	-8.03355848235284	2.16977681741086	-0.338257566370645
0.5235987756	1.8849555922	-6.27667143774874	-10.7214300768798	-8.21049951929035	2.00677998499381	-0.547878426726358
0.5235987756	1.9373154697	-6.7082090557651	-12.4112722046475	-8.06881968329853	1.8055701312293	-0.749226176118767
0.5235987756	1.9896753473	-6.89286949040599	-14.4074890336018	-7.74008675150695	1.5414721021391	-0.927051437621168
0.5235987756	2.0420352248	-6.93121799517567	-16.613211547871	-7.42560836064232	1.18444318440576	-1.07991236308835
0.5235987756	2.0943951024	-7.01185037413394	-18.7401911070509	-7.31381854366524	0.700032122818803	-1.21667110970636
0.5235987756	2.14675498	-7.28397167554641	-20.1007050318681	-7.51716630039156	0.0693037006285541	-1.3494934734771
0.5235987756	2.1991148575	-7.81132691955968	-19.7196556227078	-8.10061845604214	-0.630874910275469	-1.48880310171895
0.5235987756	2.2514747351	-8.52441881253206	-17.7460499680616	-9.07776209072438	-1.22603918136904	-1.64038162859499
0.5235987756	2.3038346126	-9.26118165274051	-15.4137844367781	-10.467444853447	-1.6587276737003	-1.80324560956059
0.5235987756	2.3561944902	-9.84134975557546	-13.4455304490431	-12.3292966687977	-1.97666978290862	-1.96923250948715
0.5235987756	2.4085543678	-10.2050113392921	-12.0244876521162	-14.8614136492743	-2.22739256225522	-2.12649759914887
0.5235987756	2.4609142453	-10.4186720285374	-11.1502935244995	-18.514327095899	-2.43899652893758	-2.26596623207933
0.5235987756	2.5132741229	-10.5779457967696	-10.7611168527781	-24.4184840526897	-2.62574331673503	-2.39171731120199
0.5235987756	2.5656340004	-10.7983478799912	-10.8054755427035	-38.6502829340286	-2.79111426434318	-2.68606158906831
0.5235987756	2.617993878	-11.2243076560179	-11.2524211196161	-33.1270563751168	-2.93244844345541	0.873330397259739
0.5235987756	2.6703537556	-12.0203416010382	-12.1124912388679	-28.7992417376262	-3.04497385250346	0.854194384667958
0.5235987756	2.7227136331	-13.2993348347905	-13.4109627013702	-29.255146085419	-3.12582346837415	1.01016649376013
0.5235987756	2.7750735107	-15.072094035879	-15.1628943713218	-31.9143836870316	3.10388690911637	1.47042163159084
0.5235987756	2.8274333882	-17.1930491425999	-17.3300977844381	-32.2704890183046	3.05699797504978	2.29051495252111
0.5235987756	2.8797932658	-19.3369300330642	-19.7561988929757	-29.6977951188679	2.9624087962246	2.79994519077216
0.5235987756	2.9321531434	-20.9080679146141	-21.8075675911119	-28.1878909372528	2.72785666699105	2.99483497481123
0.5235987756	2.9845130209	-21.012459817579	-21.9895371042634	-27.9703969571265	2.35361603990903	3.0238389633266
0.5235987756	3.0368728985	-19.498146010213	-20.1115144303408	-28.3018503097413	2.05859078348316	2.89416661617217
0.5235987756	3.089232776	-17.4907309379571	-17.8966832664543	-27.9852188797254	1.9225113395301	2.61420413023569
0.5235987756	3.1415926536	-15.8300600180889	-16.2275186995759	-26.4121970893	1.88359606885459	2.31283355506164
0.5759586532	-3.1415926536	-15.8276839441653	-16.3657633527288	-25.1633256147804	-1.26490424315061	-0.889886088556294
0.5759586532	-3.089232776	-14.7850909219677	-15.4322066896347	-23.3726552260036	-1.24508346680302	-1.07021403507311
0.5759586532	-3.0368728985	-14.2684978037648	-15.0563315041676	-22.0699589690526	-1.18813531131163	-1.22644917096343
0.5759586532	-2.9845130209	-14.1475222217684	-15.046326143463	-21.4303698904547	-1.09703526201409	-1.40545381759904
0.5759586532	-2.9321531434	-14.2237986055608	-15.1683918641885	-21.3129329008225	-0.975383396069517	-1.63392909766924
0.5759586532	-2.8797932658	-14.2549670161162	-15.1794864095277	-21.4277122360751	-0.8381945974255	-1.90350513175797
0.5759586532	-2.8274333882	-14.147880441292	-14.9914872191328	-21.6793006258779	-0.709052799777898	-2.16159196950163
0.5759586532	-2.7750735107	-14.0355752250821	-14.7042066126644	-22.4915780639699	-0.603379050540802	-2.33999089549205
0.5759586532	-2.7227136331	-14.1361349612932	-14.5309765355059	-24.7456744972883	-0.518762832110592	-2.3575377592512
0.5759586532	-2.6703537556	-14.5017156131981	-14.6566513099986	-29.0552813732941	-0.439713107597985	-1.89227780089699
0.5759586532	-2.617993878	-14.8919808284741	-15.2132013059576	-26.3614120474715	-0.341434494159264	-0.802460342086476
0.5759586532	-2.5656340004	-14.7870278431036	-16.1998085705539	-20.3513812133491	-0.189924884036162	-0.489448926639801
0.5759586532	-2.5132741229	-13.9358901447493	-17.3357772820455	-16.588692275307	0.0539049846313266	-0.44468336075347
0.5759586532	-2.4609142453	-12.7089137404361	-17.8549182609395	-14.2939005594933	0.390007943000484	-0.465085106602801
0.5759586532	-2.4085543678	-11.586835515136	-17.222613581514	-12.9724664447771	0.714566363320374	-0.502687158890592
0.5759586532	-2.3561944902	-10.8080463429789	-15.9743182413762	-12.3841362786105	0.924502047349651	-0.537779077693176
0.5759586532	-2.3038346126	-10.4418826623662	-14.8542964928836	-12.3939598632193	1.02326404538138	-0.553565376394236
0.5759586532	-2.2514747351	-10.4808838814068	-14.1469726933974	-12.9215519979977	1.05030983056017	-0.533586934334198
0.5759586532	-2.1991148575	-10.8946535545223	-13.9138304886924	-13.8960946411649	1.03718523939152	-0.455940286023115
0.5759586532	-2.14675498	-11.6030256313459	-14.1474811512483	-15.1352099188638	1.00598291431861	-0.297310540844326
0.5759586532	-2.0943951024	-12.4772172845751	-14.8500279902403	-16.2349515358152	0.972522745545243	-0.0455039341511935
0.5759586532	-2.0420352248	-13.3275563859676	-16.023402551439	-16.6768680652389	0.947060764568565	0.262118238852314
0.5759586532	-1.9896753473	-13.9759694569878	-17.6658841358953	-16.3987553518527	0.938026917943737	0.544328082888029
0.5759586532	-1.9373154697	-14.3638807478482	-19.7103578385845	-15.8634221366427	0.952503227197359	0.757286078521491
0.5759586532	-1.8849555922	-14.5840421662471	-22.0009542968786	-15.4525971597399	0.993898547842305	0.912247169477918
0.5759586532	-1.8325957146	-14.7806479115786	-24.2140380614505	-15.3059970137772	1.05860156497231	1.03712005100311
0.5759586532	-1.780235837	-15.0370754436001	-25.916600671238	-15.4070743134089	1.13021748274765	1.15898652949804
0.5759586532	-1.7278759595	-15.3333505949446	-26.7682525423927	-15.6572331888753	1.18765892524861	1.29862871640438
0.5759586532	-1.6755160819	-15.5774926077351	-26.7294769949727	-15.924069400387	1.22797675392843	1.46577534119324
0.5759586532	-1.6231562044	-15.6724027990656	-25.9931970059848	-16.0957537098839	1.26625828265447	1.65472164689613
0.5759586532	-1.5707963268	-15.5912110349957	-24.7773655570576	-16.1493974951828	1.31316383203011	1.84657424815446
0.5759586532	-1.5184364492	-15.4244165089149	-23.2295616943963	-16.2115178259923	1.36691547672381	2.02195327280895
0.5759586532	-1.4660765717	-15.2615776769835	-21.4625946208139	-16.4524540032151	1.4220877782475	2.17041344282645
0.5759586532	-1.4137166941	-15.1219905742929	-19.5891487269498	-17.0433045397215	1.47875824816676	2.29044286415437
0.5759586532	-1.3613568166	-14.8888111936674	-17.697869185004	-18.1101332226126	1.54347388673284	2.37900702966189
0.5759586532	-1.308996939	-14.4036030200704	-15.8671527860166	-19.8386151234792	1.62449698371418	2.42218089022666
0.5759586532	-1.2566370614	-13.5271958122453	-14.1013297548349	-22.5988116248064	1.72735866273966	2.36144004867106
0.5759586532	-1.2042771839	-12.234030958256	-12.3933689744077	-26.6681054446383	1.85255765489027	1.94005867491752
0.5759586532	-1.1519173063	-10.5680406205675	-10.7168562469219	-25.293593710844	1.99557632244	0.902202977692317
0.5759586532	-1.0995574288	-8.6377708418511	-9.07120070692194	-18.8613383479819	2.14957785346506	0.478554301200063
0.5759586532	-1.0471975512	-6.59372211619442	-7.47850310283183	-13.9380898811748	2.30967751247939	0.384248869229441
0.5759586532	-0.9948376736	-4.59145838001505	-5.97480251191844	-10.2333270636369	2.47421548529897	0.378998334599527
0.5759586532	-0.9424777961	-2.74616590631862	-4.57997377841041	-7.37515888278474	2.64459882875751	0.40967995296373
0.5759586532	-0.8901179185	-1.12382038392781	-3.29761836328117	-5.17112899791178	2.82312409697642	0.46186319415633
0.5759586532	-0.837758041	0.257596307497402	-2.11211365978162	-3.50440694181648	3.01037263533418	0.530175669248791
0.5759586532	-0.7853981634	1.41113166665953	-1.00721162714637	-2.2847378516197	-3.0795885298027	0.612431129545022
0.5759586532	-0.7330382858	2.36140404078748	0.0159541404652572	-1.43425163827802	-2.88484809960095	0.706246605224919
0.5759586532	-0.6806784083	3.12867906040766	0.93006553265899	-0.880703550689455	-2.69321411975522	0.808798990856035
0.5759586532	-0.6283185307	3.72611631346728	1.70369873019146	-0.565056392204406	-2.50834891203218	0.916323991035088
0.5759586532	-0.5759586532	4.14659836916879	2.29123561443423	-0.441661398591127	-2.33071777921049	1.02532437073938
0.5759586532	-0.5235987756	4.3863555929114	2.67299871738719	-0.481559706141705	-2.15996105507917	1.13414362409055
0.5759586532	-0.47123889804	4.44144260743507	2.83781460510287	-0.662533749109894	-1.99591951539658	1.24392634774988
0.5759586532	-0.41887902048	4.33387220586526	2.81158909125201	-0.957948023360437	-1.83848240684501	1.35918828199973
0.5759586532	-0.36651914292	4.08903277004035	2.6170356216414	-1.32497082387174	-1.69012240749331	1.48548832528382
0.5759586532	-0.31415926536	3.74726591897593	2.28666656520799	-1.69511749939765	-1.55473314286648	1.62712819160243
0.5759586532	-0.2617993878	3.35855025211971	1.85575640354437	-1.98005005357898	-1.43624343439945	1.78238092037889
0.5759586532	-0.20943951024	2.99340580529445	1.39158866471626	-2.11462763073438	-1.3376372398757	1.94137716155909
0.5759586532	-0.15707963268	2.70941800785982	0.961293751189444	-2.08748473502786	-1.25850134540443	2.08957965082292
0.5759586532	-0.10471975512	2.54258928092392	0.63472553314976	-1.94884613417079	-1.19313801496441	2.21474798765185
0.5759586532	-0.05235987756	2.52085759424754	0.494524510921624	-1.76372128891147	-1.1326682621902	2.31199852456247
0.5759586532	-4.4408920985E-16	2.6368594804039	0.564076365925776	-1.57069413747691	-1.06619178424444	2.3843274494088
0.5759586532	0.05235987756	2.87390743429954	0.832743894037645	-1.38584036625927	2.15431341918893	-0.701361507268876
0.5759586532	0.10471975512	3.19986722801102	1.24916536383526	-1.21497116107068	2.24629470376408	-0.65088502945458
0.5759586532	0.15707963268	3.5674860364252	1.74491339000513	-1.08297214358662	2.34763384085044	-0.595951410675827
0.5759586532	0.20943951024	3.92488227550311	2.25391491052633	-1.03200980404511	2.45311666880008	-0.529217440834664
0.5759586532	0.2617993878	4.21877961725168	2.71513763655613	-1.11777000223012	2.55837841200117	-0.447421548765052
0.5759586532	0.31415926536	4.41762503655314	3.09364441363211	-1.38658736061972	2.66084305674678	-0.350244272552724
0.5759586532	0.36651914292	4.51344576637397	3.37790775618036	-1.86778554613666	2.75957587563621	-0.240497903591794
0.5759586532	0.41887902048	4.50778409926811	3.55737110761754	-2.55747911365649	2.8533155764696	-0.123219452515912
0.5759586532	0.47123889804	4.42451717776802	3.64496299997812	-3.41881117262468	2.94129675673262	-0.00776740947468743
0.5759586532	0.5235987756	4.2783148706536	3.64142731514243	-4.37345347082308	3.02235959144931	0.0910583425760166
0.5759586532	0.5759586532	4.08060760272659	3.54847464931561	-5.30038406433886	3.09533824565393	0.153969121489499
0.5759586532	0.6283185307	3.84979839965399	3.37722106675806	-6.01746207695111	-3.123764034625	0.164846288392545
0.5759586532	0.6806784083	3.59287100666608	3.12349917590676	-6.30237433143025	-3.0690817978907	0.12604623628554
0.5759586532	0.7330382858	3.3183513710132	2.78227670693799	-6.03251948705251	-3.02364846357175	0.0668212824557421
0.5759586532	0.7853981634	3.05029641967701	2.36952300666651	-5.33346203448534	-2.98713179795824	0.0244313668459944
0.5759586532	0.837758041	2.79687596816815	1.89384880813893	-4.46765182555109	-2.95917878586778	0.0168267823261474
0.5759586532	0.8901179185	2.55591618274123	1.3625783295839	-3.63730773962129	-2.93933544408092	0.0413274358958269
0.5759586532	0.9424777961	2.31651319431513	0.779772527531748	-2.9410608365863	-2.92770286113292	0.0865177454428697
0.5759586532	0.9948376736	2.07687359495914	0.1642293047819	-2.40590890153046	-2.92510560348332	0.140423261766252
0.5759586532	1.0471975512	1.82000362904671	-0.487842173172133	-2.02871455401926	-2.93253835189329	0.193704629567764
0.5759586532	1.0995574288	1.53791921050269	-1.16942541905099	-1.79806508056484	-2.95155683273412	0.240563545534167
0.5759586532	1.1519173063	1.2243165456084	-1.87005645139415	-1.7035070411083	-2.98392691508496	0.278684042007328
0.5759586532	1.2042771839	0.877328317361704	-2.57363039935519	-1.7329344477537	-3.03073642672465	0.308740211651775
0.5759586532	1.2566370614	0.498035477050833	-3.2605543091485	-1.87415339880412	-3.09259372589073	0.332423529811806
0.5759586532	1.308996939	0.0892082747281717	-3.91259130813432	-2.11441015057292	3.11420976541808	0.350394872596657
0.5759586532	1.3613568166	-0.348037500418162	-4.52183025793265	-2.44160150866655	3.02452324058762	0.361344190267233
0.5759586532	1.4137166941	-0.812637758490999	-5.08998007362598	-2.8432789374409	2.92298216118317	0.361287371070468
0.5759586532	1.4660765717	-1.30802736158887	-5.62942373649879	-3.31261829514171	2.81034966258292	0.34490528332638
0.5759586532	1.5184364492	-1.83521092038874	-6.14961536357486	-3.84390835166902	2.68747719707612	0.306292938946046
0.5759586532	1.5707963268	-2.3947257266726	-6.65704202335515	-4.43434893240472	2.55579844939057	0.241947882517413
0.5759586532	1.6231562044	-2.98553904204033	-7.16294726349435	-5.0768651099893	2.41752663189314	0.150335947870518
0.5759586532	1.6755160819	-3.60311962012706	-7.68521211162288	-5.75447019960405	2.27577033890001	0.0315633571096257
0.5759586532	1.7278759595	-4.24579203271639	-8.26278981706862	-6.43939401613988	2.13150881645411	-0.113473268315542
0.5759586532	1.780235837	-4.89545227655335	-8.95254025362675	-7.06290931734009	1.98352776578488	-0.283162705425227
0.5759586532	1.8325957146	-5.5077741012087	-9.80310342213248	-7.52772829362818	1.82478739624642	-0.47247811283544
0.5759586532	1.8849555922	-6.01784837613729	-10.8551033884093	-7.74611256702895	1.64456008015211	-0.669216549198972
0.5759586532	1.9373154697	-6.37255704116963	-12.1005453013163	-7.72403307186736	1.428836615734	-0.856864995503096
0.5759586532	1.9896753473	-6.58465210626637	-13.4988194553335	-7.57284247051078	1.16366825009584	-1.02352790590315
0.5759586532	2.0420352248	-6.75257071207355	-14.9635177096354	-7.46336639322163	0.837689863114904	-1.1692842787227
0.5759586532	2.0943951024	-7.0130276322989	-16.4061804933045	-7.54357786863757	0.439103612852669	-1.30182689224527
0.5759586532	2.14675498	-7.47562391670786	-17.6103021336947	-7.91848916182265	-0.0507320933814208	-1.43207004723188
0.5759586532	2.1991148575	-8.16316080189462	-17.9879028037162	-8.64065267309929	-0.632237118375147	-1.56934419149208
0.5759586532	2.2514747351	-8.98228037959842	-16.993537617657	-9.72956713791534	-1.21084995613187	-1.71800384089425
0.5759586532	2.3038346126	-9.74510691871426	-15.167361349676	-11.21377962591	-1.67434396191088	-1.87573342499375
0.5759586532	2.3561944902	-10.2713785824908	-13.393126480276	-13.1730191467728	-2.0171786895829	-2.03330275489551
0.5759586532	2.4085543678	-10.540841800568	-12.059995141513	-15.8401264539502	-2.28129224253209	-2.17883270959701
0.5759586532	2.4609142453	-10.6586442184084	-11.2380173237387	-19.6933705652568	-2.49823742641276	-2.30101404341938
0.5759586532	2.5132741229	-10.7711882768558	-10.9039581970726	-25.9842502850085	-2.68516403118984	-2.39634203785509
0.5759586532	2.5656340004	-11.005584744697	-11.0085069109581	-42.7278396375006	-2.8478226116923	-2.54185758927973
0.5759586532	2.617993878	-11.513046266693	-11.5377002305192	-33.9843429859175	-2.98551669937109	0.761340541456428
0.5759586532	2.6703537556	-12.4312944757868	-12.4992430662512	-30.5212630670968	-3.09494016187957	0.837182560183272
0.5759586532	2.7227136331	-13.8327464061978	-13.9054665157003	-31.6303535966074	3.10861849919641	1.12506487474643
0.5759586532	2.7750735107	-15.6933060231394	-15.7703904597957	-33.2399673176662	3.05323601131229	1.8472983190458
0.5759586532	2.8274333882	-17.7983199493362	-18.0290718698744	-30.6595749393611	2.99908695275624	2.55434702268191
0.5759586532	2.8797932658	-19.7545365534038	-20.4542236652983	-28.0284885847173	2.88843609009653	2.84518744230487
0.5759586532	2.9321531434	-21.0088126026969	-22.2770113806819	-26.9734622826976	2.63590804584967	2.94025769642517
0.5759586532	2.9845130209	-20.867085695159	-22.0726989484898	-27.0217191811276	2.27819708506857	2.9122368538165
0.5759586532	3.0368728985	-19.3392602331029	-20.0923811951181	-27.3195761414507	2.02061240884671	2.7533227893558
0.5759586532	3.089232776	-17.4187100889739	-17.9545123606937	-26.7716548663056	1.90624055430658	2.49495145176649
0.5759586532	3.1415926536	-15.8276839441653	-16.3657633527288	-25.1633256147804	1.87668841043918	2.2517065650335
0.6283185307	-3.1415926536	-15.8305509473345	-16.5358416556192	-24.0725863961483	-1.27188292101916	-0.936500928475525
0.6283185307	-3.089232776	-14.8312223360331	-15.6635645150229	-22.4155728076728	-1.247241499162	-1.07655084236368
0.6283185307	-3.0368728985	-14.3357079196994	-15.3348747264803	-21.2071805540961	-1.18459214472225	-1.19967895211032
0.6283185307	-2.9845130209	-14.2201910204152	-15.3517057238753	-20.6149128316592	-1.08357747658326	-1.34497900029792
0.6283185307	-2.9321531434	-14.2874638883961	-15.4543981412999	-20.5652534676123	-0.946186573539297	-1.53515358887075
0.6283185307	-2.8797932658	-14.2968402721014	-15.3843393094208	-20.842803507304	-0.788723166210878	-1.76765164112307
0.6283185307	-2.8274333882	-14.1253436841923	-15.0434327276196	-21.3252995325703	-0.640223168304571	-2.00313086461984
0.6283185307	-2.7750735107	-13.9022207543542	-14.582539957421	-22.2886565989984	-0.521299963119932	-2.17735343779905
0.6283185307	-2.7227136331	-13.842753623701	-14.2358926386224	-24.4702220457836	-0.432504884698715	-2.20466044648564
0.6283185307	-2.6703537556	-14.0555686370628	-14.2172117838615	-28.4284096816385	-0.358890971166886	-1.80616166406922
0.6283185307	-2.617993878	-14.4020934141315	-14.6659883449347	-26.6969053957941	-0.278084112407406	-0.77454399007186
0.6283185307	-2.5656340004	-14.4764349382374	-15.6290648559975	-20.8009553013919	-0.159682085651518	-0.410363469212887
0.6283185307	-2.5132741229	-13.9208474997855	-16.9725675998608	-16.8901186218924	0.0376798991648912	-0.347528750545537
0.6283185307	-2.4609142453	-12.8644760979217	-18.0893151847733	-14.4151889541027	0.34883270946732	-0.360296654031871
0.6283185307	-2.4085543678	-11.7270322908312	-18.0155256243633	-12.8906723373776	0.712579343933886	-0.395578324760439
0.6283185307	-2.3561944902	-10.8129594394417	-16.8434163033903	-12.0590661205511	0.985705642563591	-0.432631716393388
0.6283185307	-2.3038346126	-10.2396569551168	-15.5004262765701	-11.7750418099055	1.12824929677949	-0.457228538430427
0.6283185307	-2.2514747351	-10.0307744208953	-14.496087149265	-11.9531155873553	1.18220971107584	-0.456387253121275
0.6283185307	-2.1991148575	-10.17654037881	-13.9492328960266	-12.5385093442208	1.18973479260964	-0.417600710426292
0.6283185307	-2.14675498	-10.6355768907535	-13.8650272745537	-13.437255824635	1.1790646402276	-0.327009120804326
0.6283185307	-2.0943951024	-11.3401199887939	-14.2275906435615	-14.4768245291769	1.16917427486741	-0.174497375898463
0.6283185307	-2.0420352248	-12.1803047679163	-15.0039677468619	-15.3856239531432	1.17346920349108	0.0352500967347185
0.6283185307	-1.9896753473	-13.0108607690054	-16.1300074902892	-15.914975408236	1.20135093324154	0.27116758557131
0.6283185307	-1.9373154697	-13.7088519609631	-17.4767849334356	-16.0742636581095	1.25748910156147	0.489320954276823
0.6283185307	-1.8849555922	-14.2336261969153	-18.8032209739387	-16.0989698725016	1.33887748140388	0.667116271369382
0.6283185307	-1.8325957146	-14.6527148009191	-19.8519817252501	-16.2144477423984	1.42914952353455	0.811010118878019
0.6283185307	-1.780235837	-15.0378908418788	-20.4370541944195	-16.5158898052094	1.50548729113833	0.941035200430064
0.6283185307	-1.7278759595	-15.4054092181779	-20.5273244583264	-17.00104873493	1.5565358695724	1.07902728215628
0.6283185307	-1.6755160819	-15.693943106612	-20.2174485991467	-17.5842170690803	1.58979721871277	1.2398748001588
0.6283185307	-1.6231562044	-15.8095827551512	-19.6317603520047	-18.1361390907854	1.62085045453704	1.42390125482
0.6283185307	-1.5707963268	-15.7204369378925	-18.8507229468307	-18.6139768657472	1.65930676940654	1.61226571206593
0.6283185307	-1.5184364492	-15.4725886712628	-17.9343018619932	-19.1109281536434	1.7054577230642	1.77837158653025
0.6283185307	-1.4660765717	-15.1135420205576	-16.892381455504	-19.849121359024	1.75482132430938	1.89994355936638
0.6283185307	-1.4137166941	-14.6266814661165	-15.7483180664396	-21.054757815041	1.80486319823309	1.95675416643096
0.6283185307	-1.3613568166	-13.9302734135699	-14.5223652428273	-22.8769088510422	1.85771583452548	1.90804952687921
0.6283185307	-1.308996939	-12.9575761363067	-13.2386506818943	-24.9869834143378	1.91945358170062	1.65042808155546
0.6283185307	-1.2566370614	-11.7132758228521	-11.9177442259753	-25.0866899888866	1.99598777015778	1.11574357599124
0.6283185307	-1.2042771839	-10.243183611465	-10.5666259156822	-21.6837760137503	2.09077981938017	0.679708002118619
0.6283185307	-1.1519173063	-8.60946503375552	-9.20131209676144	-17.5577765789954	2.20241313892839	0.499238254600409
0.6283185307	-1.0995574288	-6.87375289754517	-7.84226563920406	-13.8658032893644	2.32810901509645	0.441531516066775
0.6283185307	-1.0471975512	-5.1127856132707	-6.51791352070758	-10.6971081315086	2.4651318054085	0.434681326556573
0.6283185307	-0.9948376736	-3.41129147342132	-5.25943252084529	-8.01313342650199	2.61226532834369	0.453071934260089
0.6283185307	-0.9424777961	-1.84452752326298	-4.08546132203163	-5.79047419205212	2.77027042467159	0.48838770676402
0.6283185307	-0.8901179185	-0.455943319392162	-2.98988943430222	-4.00135693782821	2.93988057089142	0.538435017372603
0.6283185307	-0.837758041	0.735673177561976	-1.96118494439694	-2.61246252426131	3.12000894296323	0.602990048800797
0.6283185307	-0.7853981634	1.73568895887926	-0.987940109038028	-1.58155034289111	-2.97613082891466	0.681205070934263
0.6283185307	-0.7330382858	2.56268461715731	-0.0745478859852781	-0.855767451609769	-2.78736692497659	0.771507974566231
0.6283185307	-0.6806784083	3.22956695311823	0.746431187344258	-0.380842822256259	-2.60199151398643	0.870907654038424
0.6283185307	-0.6283185307	3.74168980458364	1.43419650908466	-0.107531065185961	-2.422906196458	0.975689322511775
0.6283185307	-0.5759586532	4.09435804685192	1.95198998994838	-0.00178274998015172	-2.25106333995173	1.08196276843915
0.6283185307	-0.5235987756	4.28166214772789	2.27732838568204	-0.0401726954569896	-2.08607757783887	1.187883390303
0.6283185307	-0.47123889804	4.30363635410308	2.4064939780561	-0.207302829022786	-1.92793459181204	1.29456465267377
0.6283185307	-0.41887902048	4.17259831222925	2.35164097517424	-0.480959284662468	-1.77761681835266	1.40590828440379
0.6283185307	-0.36651914292	3.92518673341617	2.14997111222829	-0.817560298096298	-1.6375280802448	1.52709821953031
0.6283185307	-0.31415926536	3.59328426196294	1.820240193757	-1.15376652239546	-1.51188811799412	1.66165783638689
0.6283185307	-0.2617993878	3.23458608407137	1.40969458194951	-1.41142860656148	-1.40458539061014	1.80758592087557
0.6283185307	-0.20943951024	2.90422116713956	0.965861014618093	-1.53246958663674	-1.31765793683591	1.95577753824448
0.6283185307	-0.15707963268	2.65680906434034	0.559555338658633	-1.51103346027708	-1.2496091155127	2.09307164615912
0.6283185307	-0.10471975512	2.52436619329565	0.261309314553369	-1.38902586940302	-1.19387577198494	2.20854764405027
0.6283185307	-0.05235987756	2.51978419518555	0.13561863369596	-1.22237865977595	-1.14039637885798	2.29828946702869
0.6283185307	-4.4408920985E-16	2.63646520040274	0.2066097095375	-1.04400274594322	-1.07919621432898	2.36512568070955
0.6283185307	0.05235987756	2.85893119615496	0.460301553857038	-0.863535461623036	2.13730735525281	-0.724440952574846
0.6283185307	0.10471975512	3.15970315434452	0.851443671504374	-0.688425232153452	2.22568489321789	-0.677107721347831
0.6283185307	0.15707963268	3.50071191798163	1.31983965761127	-0.53572903185615	2.32326608173557	-0.624737745949669
0.6283185307	0.20943951024	3.8327057525	1.80470983465916	-0.449077687334556	2.4248948526003	-0.560720178589201
0.6283185307	0.2617993878	4.11144374919225	2.2560249086876	-0.476710789839106	2.52657019643741	-0.481884951579752
0.6283185307	0.31415926536	4.30431988752289	2.63998572941964	-0.66674174016078	2.62597944372013	-0.388486801133332
0.6283185307	0.36651914292	4.39846697828293	2.939056889096	-1.04689266096513	2.72202193708449	-0.282963840645612
0.6283185307	0.41887902048	4.39521834676953	3.14508501180324	-1.62314442834335	2.81411780624171	-0.169944617942756
0.6283185307	0.47123889804	4.32050245660268	3.27312337621792	-2.36947157859461	2.90193841015456	-0.0572793796560851
0.6283185307	0.5235987756	4.18101521059137	3.31140950471952	-3.23115417400969	2.98419184277487	0.0435617949391113
0.6283185307	0.5759586532	3.99618121465108	3.26840550513293	-4.12049378911864	3.05981948723724	0.117147238155524
0.6283185307	0.6283185307	3.75910195376872	3.12575015736115	-4.91511914599506	3.12779729672103	0.148663543157573
0.6283185307	0.6806784083	3.47754520596331	2.88200398861537	-5.44554807066103	-3.09552612621574	0.133071064499099
0.6283185307	0.7330382858	3.16335758839291	2.53802854708186	-5.56231306401998	-3.04400415179804	0.084697872635837
0.6283185307	0.7853981634	2.82148134835265	2.08685153089263	-5.25781463487234	-3.00083001354006	0.0328876984865404
0.6283185307	0.837758041	2.46620602628774	1.53552333313387	-4.68065510396346	-2.96589136208505	0.00193349082514824
0.6283185307	0.8901179185	2.10319031624465	0.887494574628568	-4.02008167855191	-2.93932773106397	-0.000962191983862435
0.6283185307	0.9424777961	1.74794084581885	0.16587350829836	-3.4046993515168	-2.9224342066731	0.018633131232014
0.6283185307	0.9948376736	1.39431888874373	-0.630433890189009	-2.89291935548162	-2.91635735855436	0.0508780980403725
0.6283185307	1.0471975512	1.04353294535668	-1.49124636832945	-2.50082919278192	-2.92354186277434	0.0867961046717355
0.6283185307	1.0995574288	0.693915878181708	-2.40357215936502	-2.23091197469961	-2.94662829371412	0.120291533895458
0.6283185307	1.1519173063	0.339409476331668	-3.3495336938186	-2.08410222144693	-2.98879798127375	0.14863852312473
0.6283185307	1.2042771839	-0.0248758796796884	-4.29879662838382	-2.05755798809055	-3.05243570396074	0.171544829318359
0.6283185307	1.2566370614	-0.403275741315109	-5.21168776154679	-2.14570740400298	-3.13895053145117	0.189712685857981
0.6283185307	1.308996939	-0.801266076439229	-6.04867182636474	-2.34233077521861	3.03579465445126	0.203328151550904
0.6283185307	1.3613568166	-1.21894627032552	-6.78063522461054	-2.632751774441	2.90831462769673	0.210620489833782
0.6283185307	1.4137166941	-1.65721352580932	-7.39687047472843	-3.00443773600874	2.76609060603339	0.207539896943007
0.6283185307	1.4660765717	-2.11449069089607	-7.90732968244879	-3.44253237172331	2.61221229903714	0.189000231334595
0.6283185307	1.5184364492	-2.59005192796963	-8.32385838534093	-3.93940598380185	2.45035964538761	0.149364663946837
0.6283185307	1.5707963268	-3.08029277830637	-8.66070079124565	-4.48691701779457	2.28368540037318	0.08512354394322
0.6283185307	1.6231562044	-3.58403902438558	-8.94005289074434	-5.07965364837263	2.11640007844474	-0.005342734529422
0.6283185307	1.6755160819	-4.10031456928748	-9.19969712970178	-5.70599595128645	1.95167758303373	-0.121819000355931
0.6283185307	1.7278759595	-4.62637767568005	-9.49922561317871	-6.33735081803037	1.79108418336314	-0.263141116808633
0.6283185307	1.780235837	-5.14945043094417	-9.90037941478307	-6.92054043926125	1.63079313543369	-0.426535690769116
0.6283185307	1.8325957146	-5.63550415406823	-10.4447758682486	-7.37751150835129	1.46304653021642	-0.605707330705861
0.6283185307	1.8849555922	-6.0447456315019	-11.1499271656034	-7.64783545200157	1.27767983897044	-0.789321039891375
0.6283185307	1.9373154697	-6.3634240544996	-12.005526698903	-7.74668043086713	1.06420083816168	-0.963508096440011
0.6283185307	1.9896753473	-6.62496093466526	-12.9773276668909	-7.76916203887706	0.814069802566546	-1.11951000381331
0.6283185307	2.0420352248	-6.91206012645093	-14.0368409081376	-7.84803649397792	0.521212526249223	-1.25739777739281
0.6283185307	2.0943951024	-7.32864177048836	-15.162895787229	-8.10998235539169	0.173626638931066	-1.38455139240933
0.6283185307	2.14675498	-7.94609252242838	-16.2322204369167	-8.64365463363856	-0.250291241870823	-1.51046313178769
0.6283185307	2.1991148575	-8.74814499992556	-16.764377366948	-9.4944982634778	-0.76201061837722	-1.64317936888776
0.6283185307	2.2514747351	-9.61182784606916	-16.1841622690251	-10.6918522208172	-1.2973655930826	-1.78568777880246
0.6283185307	2.3038346126	-10.3230877266666	-14.7391935115279	-12.2730711362707	-1.75042530874321	-1.93440417085047
0.6283185307	2.3561944902	-10.7305097218676	-13.2074493982845	-14.3489650730504	-2.09442519740381	-2.07949109692882
0.6283185307	2.4085543678	-10.8697269328079	-12.0302003731427	-17.1685420253182	-2.35901934726196	-2.20742567713266
0.6283185307	2.4609142453	-10.9026188916346	-11.3227065822044	-21.2554133150364	-2.57483521783665	-2.303551347072
0.6283185307	2.5132741229	-11.0018568265134	-11.0899703233223	-27.9732578328305	-2.75835678963501	-2.34362211631069
0.6283185307	2.5656340004	-11.298462895683	-11.2996951315032	-46.769983819503	-2.91631885722639	-1.91992121462572
0.6283185307	2.617993878	-11.9257931417584	-11.9452777656502	-35.4164546532914	-3.04928521030125	0.637601460362626
0.6283185307	2.6703537556	-12.9897175279343	-13.0331223820342	-33.0138619855673	3.12818986929067	0.864887573833829
0.6283185307	2.7227136331	-14.5281641852082	-14.5734005785039	-34.3737261494558	3.05018145437772	1.41471399041352
0.6283185307	2.7750735107	-16.4511773474473	-16.5573665656016	-32.6212026534365	2.99296883478535	2.27779920488981
0.6283185307	2.8274333882	-18.4808226648099	-18.905657017903	-28.7871552323272	2.93010524517056	2.70365297947761
0.6283185307	2.8797932658	-20.1655333696948	-21.2838296539003	-26.6049641703751	2.80118111094553	2.85197992730623
0.6283185307	2.9321531434	-21.0585504612987	-22.774931922536	-25.9202189526021	2.53327975554584	2.87920734134992
0.6283185307	2.9845130209	-20.6893100626171	-22.1564949392311	-26.1152642320116	2.20140204046425	2.80852470538902
0.6283185307	3.0368728985	-19.1664144348791	-20.0947877938309	-26.3229517425358	1.9832414923656	2.63310631708166
0.6283185307	3.089232776	-17.336198454444	-18.0320377982036	-25.6322270328499	1.88982402787585	2.40097296700258
0.6283185307	3.1415926536	-15.8305509473345	-16.5358416556192	-24.0725863961483	1.86970973257063	2.20509172511427
0.6806784083	-3.1415926536	-15.8291656138613	-16.728198208381	-23.1110188901901	-1.27940522881183	-0.973151196879425
0.6806784083	-3.089232776	-14.8826362486997	-15.9255722968966	-21.5889399518211	-1.25003490110408	-1.08072599989724
0.6806784083	-3.0368728985	-14.408377098302	-15.6458825969155	-20.4648189137513	-1.18258462025958	-1.17551830680457
0.6806784083	-2.9845130209	-14.2988667475299	-15.6954864389604	-19.9055404494935	-1.07270402995076	-1.29056723278286
0.6806784083	-2.9321531434	-14.3688564204866	-15.7991512800766	-19.8879818189162	-0.919551439562718	-1.44519238977398
0.6806784083	-2.8797932658	-14.3696860119098	-15.6584242883621	-20.2743283303272	-0.741201960208454	-1.63986690761391
0.6806784083	-2.8274333882	-14.1549899583272	-15.1769250581365	-20.9395524657319	-0.572068491971271	-1.84683081627779
0.6806784083	-2.7750735107	-13.8261332057205	-14.5355478998846	-22.0448545235228	-0.439090735112575	-2.01010683287245
0.6806784083	-2.7227136331	-13.6055732753539	-14.0066483367973	-24.150154122484	-0.343894420581305	-2.0454055648924
0.6806784083	-2.6703537556	-13.6543512594869	-13.8279999231452	-27.7220149541519	-0.272630180293955	-1.71979453917448
0.6806784083	-2.617993878	-13.9186438127772	-14.1333870244557	-27.0842216710114	-0.204282642329561	-0.779643766725321
0.6806784083	-2.5656340004	-14.134595328668	-15.0142253206122	-21.5018322588615	-0.113232377989014	-0.348669428494253
0.6806784083	-2.5132741229	-13.9012497891769	-16.4254621630152	-17.4589810915521	0.0387140677258028	-0.259424503294378
0.6806784083	-2.4609142453	-13.100444402329	-17.9977098299518	-14.7996765185337	0.302714322826385	-0.261292657731818
0.6806784083	-2.4085543678	-12.0165891424259	-18.6888548602166	-13.0688104549742	0.681052704687418	-0.292060558610698
0.6806784083	-2.3561944902	-10.994978296328	-17.8289414509718	-12.0039011750469	1.02737149501265	-0.329118655365528
0.6806784083	-2.3038346126	-10.225390303373	-16.3076998848049	-11.4544011079412	1.23048114631747	-0.359225746757684
0.6806784083	-2.2514747351	-9.77488380069534	-14.9827237167911	-11.3329119386954	1.31982848877046	-0.371880109102228
0.6806784083	-2.1991148575	-9.64912815213849	-14.084923225685	-11.5879922575154	1.35027192001112	-0.357908606661707
0.6806784083	-2.14675498	-9.82960296426993	-13.6392374674271	-12.1650700714287	1.35807770195422	-0.308829591150361
0.6806784083	-2.0943951024	-10.2653316921682	-13.598594446128	-12.9750324784763	1.36608026265217	-0.218055399849914
0.6806784083	-2.0420352248	-10.8806814915553	-13.9072816059445	-13.8747422403243	1.38779386760642	-0.0846263493023184
0.6806784083	-1.9896753473	-11.562120702622	-14.4720712961558	-14.6751436788397	1.429939509746	0.0809639264706191
0.6806784083	-1.9373154697	-12.1930235046541	-15.1420799195947	-15.2654430181809	1.49200336864412	0.254962864094338
0.6806784083	-1.8849555922	-12.7031665806716	-15.7560787178864	-15.6712684004302	1.56455714438954	0.412438272482409
0.6806784083	-1.8325957146	-13.0885581193184	-16.1655666733472	-16.0331586558022	1.63259895860091	0.542700606430016
0.6806784083	-1.780235837	-13.3902614819495	-16.3128743591802	-16.4900555286328	1.68419842006251	0.651645693138543
0.6806784083	-1.7278759595	-13.6228787978541	-16.1997655427859	-17.114689674283	1.7184731345632	0.753131646209921
0.6806784083	-1.6755160819	-13.7671610762046	-15.883133787169	-17.9050185042284	1.74517642540727	0.859690154247349
0.6806784083	-1.6231562044	-13.7828143667543	-15.4244338229579	-18.8029177262282	1.77583523096216	0.97467445759871
0.6806784083	-1.5707963268	-13.6366766528134	-14.8636908276656	-19.7250961145411	1.81684910153813	1.08491956193554
0.6806784083	-1.5184364492	-13.3250882816678	-14.2208299799457	-20.6212791922515	1.86781740321323	1.15914855828515
0.6806784083	-1.4660765717	-12.8526808445929	-13.4996118524038	-21.4413952052132	1.92415123365435	1.15700691575593
0.6806784083	-1.4137166941	-12.2196432734882	-12.7086604868245	-21.9464594571661	1.98210860833595	1.04679272344749
0.6806784083	-1.3613568166	-11.4098692065052	-11.8476737097907	-21.591973553777	2.04091690879691	0.846248751924706
0.6806784083	-1.308996939	-10.4292836779811	-10.9270474874273	-20.0833986611594	2.10373346536244	0.646449256514208
0.6806784083	-1.2566370614	-9.29526273272482	-9.95063102202035	-17.8318157938484	2.17624154066895	0.521378368802932
0.6806784083	-1.2042771839	-8.03254886533161	-8.92621657257961	-15.3378056297423	2.26159876098944	0.469974965981386
0.6806784083	-1.1519173063	-6.66472396458231	-7.86375327237486	-12.8399993271268	2.36196468511242	0.463255368601333
0.6806784083	-1.0995574288	-5.22655666828208	-6.78711753281666	-10.4285331827274	2.47650680476687	0.477762565419357
0.6806784083	-1.0471975512	-3.76875686592066	-5.72266856731793	-8.17793998447044	2.60415604363653	0.502068183980104
0.6806784083	-0.9948376736	-2.35328951775029	-4.69714792560284	-6.15116858814567	2.744119819425	0.53307256448491
0.6806784083	-0.9424777961	-1.03692887460466	-3.72172199847619	-4.39912379478857	2.8969490252761	0.571985591719838
0.6806784083	-0.8901179185	0.137261383826459	-2.79696015775117	-2.95047350528878	3.06208178570316	0.621392394456234
0.6806784083	-0.837758041	1.15300352750454	-1.90992083596645	-1.80530205703452	-3.04542011694601	0.683027153631804
0.6806784083	-0.7853981634	2.00956096483729	-1.05479696761829	-0.947345628154173	-2.86341706461693	0.757793922438952
0.6806784083	-0.7330382858	2.71808629156295	-0.245281707805046	-0.339658337415025	-2.68042916961889	0.844551223432018
0.6806784083	-0.6806784083	3.28774152592483	0.484996202516633	0.0594676121672775	-2.50134474454545	0.940663781866696
0.6806784083	-0.6283185307	3.71978413509545	1.09380679672838	0.287820300592653	-2.32875967038942	1.0419907052097
0.6806784083	-0.5759586532	4.00733078324205	1.54315121506128	0.372223047158448	-2.16348949697733	1.14503308447256
0.6806784083	-0.5235987756	4.14629040230789	1.81579939531776	0.329659018281798	-2.00526680081697	1.24758441075778
0.6806784083	-0.47123889804	4.13619233324803	1.90835330487048	0.170781897206067	-1.85425649244609	1.35045762385656
0.6806784083	-0.41887902048	3.99186619868692	1.8354608926104	-0.0823535610608315	-1.71204081577647	1.45738546108894
0.6806784083	-0.36651914292	3.74039294105439	1.62024513598825	-0.390822257909281	-1.58156769414737	1.57295113533211
0.6806784083	-0.31415926536	3.42616425062256	1.29857743926227	-0.69325698057466	-1.46692904287071	1.69993385356137
0.6806784083	-0.2617993878	3.0982372145528	0.905531104546185	-0.920124208143712	-1.37189882441993	1.83616107293188
0.6806784083	-0.20943951024	2.81021611242188	0.491459977467242	-1.02299234504772	-1.29771483513449	1.97317689762769
0.6806784083	-0.15707963268	2.60266405200331	0.112214921305453	-0.99828322500129	-1.24127269863555	2.0993068087182
0.6806784083	-0.10471975512	2.50517593613787	-0.15491915887781	-0.886065193250408	-1.19535618277159	2.20503944808543
0.6806784083	-0.05235987756	2.51954062553521	-0.261602253917493	-0.732684822714087	-1.14928630659437	2.28697540168664
0.6806784083	-4.4408920985E-16	2.63707572204917	-0.188318024364571	-0.566354500587265	-1.09330069685004	2.34811859424447
0.6806784083	0.05235987756	2.84269392207216	0.0483194115743848	-0.394831266539858	2.11904402090816	-0.745650147399194
0.6806784083	0.10471975512	3.11778596928599	0.411534705287705	-0.219462322212834	2.20359645511477	-0.701684799505061
0.6806784083	0.15707963268	3.42907719407021	0.84825385482339	-0.0578788583003732	2.29741607258094	-0.652319789980521
0.6806784083	0.20943951024	3.7352434141611	1.3052787194779	0.054921109711643	2.39496209963752	-0.591447647738354
0.6806784083	0.2617993878	3.993908528067	1.73785571153618	0.0702541163701222	2.49265557559724	-0.516328609225444
0.6806784083	0.31415926536	4.1766002936091	2.11840569642097	-0.0549093674060158	2.58860811164866	-0.427185518716331
0.6806784083	0.36651914292	4.26649673837252	2.42709466125605	-0.351868380953544	2.68173276079855	-0.326393724124034
0.6806784083	0.41887902048	4.26914678719907	2.66272520311623	-0.828581524916641	2.77201987514248	-0.218000752272692
0.6806784083	0.47123889804	4.19676343772038	2.8225754178837	-1.46960975972476	2.85878699226029	-0.10827161990509
0.6806784083	0.5235987756	4.06845449777992	2.90977816246317	-2.23623266238619	2.94132115102459	-0.00639189241241144
0.6806784083	0.5759586532	3.89041418383228	2.91382010665567	-3.06943871704004	3.01844378056791	0.075651437310459
0.6806784083	0.6283185307	3.65681215946728	2.81588282966104	-3.88711814946819	3.08901985676016	0.125294168680783
0.6806784083	0.6806784083	3.37221508372565	2.61364558199803	-4.57943969046568	-3.13045321790275	0.134605951074597
0.6806784083	0.7330382858	3.02662807247735	2.28548663900634	-5.01750615241186	-3.0737692598633	0.106991302977516
0.6806784083	0.7853981634	2.62760393128872	1.83005452750073	-5.12533698417623	-3.0239491700542	0.0596256028159202
0.6806784083	0.837758041	2.18839980019992	1.25062728348398	-4.92892061827208	-2.980970829285	0.0147898892389507
0.6806784083	0.8901179185	1.71525915603122	0.54306590190164	-4.54551374563526	-2.94493401475503	-0.012871863693399
0.6806784083	0.9424777961	1.23014038608113	-0.277310821117365	-4.09721580789332	-2.91722369187609	-0.020788925115426
0.6806784083	0.9948376736	0.741331575763033	-1.21418335822565	-3.66503119613982	-2.89957058963974	-0.01411069906899
0.6806784083	1.0471975512	0.262846846177238	-2.26222075042994	-3.29379969498522	-2.89504052814672	4.30450007735434E-5
0.6806784083	1.0995574288	-0.195394437444233	-3.41681411784104	-3.00436362264419	-2.90768472561098	0.0159703744893731
0.6806784083	1.1519173063	-0.631630034291749	-4.66336444807559	-2.81557508904085	-2.94322416170485	0.0305798387365364
0.6806784083	1.2042771839	-1.05029514246761	-5.97547051079481	-2.73622591251052	-3.00760800879613	0.0429991270774558
0.6806784083	1.2566370614	-1.46210984756097	-7.3011517202054	-2.77374334266195	-3.10675054332811	0.0532297144059283
0.6806784083	1.308996939	-1.87751179413621	-8.55958301800113	-2.92704874417675	3.03885839623429	0.0607447116642536
0.6806784083	1.3613568166	-2.30108062854247	-9.65831582405595	-3.18295929836557	2.86373568139439	0.0633294796947949
0.6806784083	1.4137166941	-2.73367990100126	-10.5081125923196	-3.52690971000577	2.65830145810611	0.0568538750920282
0.6806784083	1.4660765717	-3.16806104096548	-11.06279700001	-3.93757876655393	2.43436189800005	0.0358372722724576
0.6806784083	1.5184364492	-3.60021726841792	-11.3312873659943	-4.40218889853098	2.2052295409536	-0.00507299758700515
0.6806784083	1.5707963268	-4.02476592007407	-11.3659979626963	-4.9102557841654	1.98278293948511	-0.0697525679437417
0.6806784083	1.6231562044	-4.44215012167021	-11.2585663612343	-5.45567349357939	1.77657938566521	-0.159824793972316
0.6806784083	1.6755160819	-4.8555696421125	-11.1145456885328	-6.02831979059942	1.58896764394881	-0.274890081034058
0.6806784083	1.7278759595	-5.26971077753089	-11.034846223153	-6.6077051163582	1.41707986435977	-0.412618744546618
0.6806784083	1.780235837	-5.67634121377039	-11.086220672465	-7.15000339086737	1.25321600136791	-0.569681517206026
0.6806784083	1.8325957146	-6.06311775946991	-11.3097930219956	-7.60449365188644	1.0865924231419	-0.738880629853413
0.6806784083	1.8849555922	-6.40948654638261	-11.702136417822	-7.93142142133065	0.907290185289882	-0.909600176037492
0.6806784083	1.9373154697	-6.72376583979509	-12.2566848635746	-8.14869239132025	0.705868755695585	-1.07057269285623
0.6806784083	1.9896753473	-7.04482455318909	-12.9474295142882	-8.33426689645496	0.474965646820563	-1.21511153007232
0.6806784083	2.0420352248	-7.44236909592453	-13.7798576794904	-8.59106490486307	0.206499645905101	-1.34407808975956
0.6806784083	2.0943951024	-7.98780839139132	-14.7280400938898	-9.02158080151576	-0.11366050671599	-1.46356501481652
0.6806784083	2.14675498	-8.7171388506746	-15.6397381830965	-9.70317740989873	-0.507245500969776	-1.58211919278689
0.6806784083	2.1991148575	-9.5719714961418	-16.0542323582979	-10.6777689201586	-0.978796450718958	-1.70653345492647
0.6806784083	2.2514747351	-10.3922658027561	-15.5254010948364	-11.9829330143524	-1.46762045626604	-1.83876984987717
0.6806784083	2.3038346126	-10.9565734271198	-14.2841013943799	-13.6712481072991	-1.88586548217119	-1.97406599763473
0.6806784083	2.3561944902	-11.1767531199467	-12.9755870224876	-15.8731021697342	-2.20984313953617	-2.1015115534722
0.6806784083	2.4085543678	-11.1777788811253	-11.9901855170896	-18.8577603831419	-2.46324969384203	-2.20552958441528
0.6806784083	2.4609142453	-11.1627180216616	-11.4452802908639	-23.1699345927481	-2.67059592023913	-2.26378248644436
0.6806784083	2.5132741229	-11.3011884768891	-11.3579093030554	-30.1699356570665	-2.84687770342482	-2.21687723841221
0.6806784083	2.5656340004	-11.7131416361721	-11.7152184139632	-44.9181227883397	-2.99828445222124	-1.2707173198812
0.6806784083	2.617993878	-12.4989321997779	-12.5112306729588	-37.9844111141454	-3.12542429889585	0.520768837942299
0.6806784083	2.6703537556	-13.7329516234535	-13.7544820970617	-36.7910196942849	3.05627460483175	1.04021460427398
0.6806784083	2.7227136331	-15.4110768407714	-15.4525836375782	-35.6284646335626	2.97998909691562	1.97937134719992
0.6806784083	2.7750735107	-17.3669587361195	-17.5799224631678	-30.5677922074365	2.92000133819398	2.574190227528
0.6806784083	2.8274333882	-19.2117665631266	-19.9907289205642	-27.0581061679968	2.84685401250195	2.77485572652238
0.6806784083	2.8797932658	-20.5304992565305	-22.2498605054619	-25.3860264813208	2.69677795494533	2.83430486739699
0.6806784083	2.9321531434	-21.0464431712501	-23.2913422798521	-24.9865245854517	2.41986321881292	2.81310442473551
0.6806784083	2.9845130209	-20.4823219502164	-22.2461436595108	-25.2477220994332	2.12416517627086	2.71125512692152
0.6806784083	3.0368728985	-18.9826133115852	-20.1234638966634	-25.34611408401	1.94655617485665	2.52992676826957
0.6806784083	3.089232776	-17.2539730872673	-18.1427256074366	-24.5808084496458	1.87377754182602	2.32551602255686
0.6806784083	3.1415926536	-15.8291656138613	-16.728198208381	-23.1110188901901	1.86218742477797	2.16844145671037
0.7330382858	-3.1415926536	-15.8282937994557	-16.9495365799116	-22.257706830442	-1.28715987055554	-1.00297300663975
0.7330382858	-3.089232776	-14.9362074617976	-16.2156783470686	-20.8677872953141	-1.25381162232691	-1.0835236992123
0.7330382858	-3.0368728985	-14.484444843604	-15.9876462991708	-19.8220594314932	-1.18250940276436	-1.15347721431967
0.7330382858	-2.9845130209	-14.3830556543974	-16.0788495071518	-19.287510170208	-1.06510783346052	-1.2410343069634
0.7330382858	-2.9321531434	-14.4657640986091	-16.2018058429166	-19.2871497456628	-0.896912653495252	-1.36219939111816
0.7330382858	-2.8797932658	-14.476054451106	-16.0136204913621	-19.7316849334565	-0.696356519940332	-1.51919169865527
0.7330382858	-2.8274333882	-14.2390858947258	-15.3997330163479	-20.5373340301828	-0.505371334961585	-1.69301372386066
0.7330382858	-2.7750735107	-13.8134478437505	-14.5711817977684	-21.7694832882938	-0.356202159130795	-1.83867198999025
0.7330382858	-2.7227136331	-13.4345777756542	-13.8517772468367	-23.8159133542706	-0.252985177153826	-1.87851304853402
0.7330382858	-2.6703537556	-13.298972679309	-13.4868880841529	-27.0308108715279	-0.181273311272577	-1.62280786652602
0.7330382858	-2.617993878	-13.4475557929915	-13.6246717225878	-27.431079678636	-0.121544907972543	-0.805362230361355
0.7330382858	-2.5656340004	-13.728624232247	-14.354215590488	-22.4526014724266	-0.0514130951911088	-0.302331042703773
0.7330382858	-2.5132741229	-13.8032907027662	-15.70308506947	-18.3093928734497	0.0605672466446246	-0.17648892330567
0.7330382858	-2.4609142453	-13.3630300685202	-17.5055307557091	-15.47609034154	0.265435990409669	-0.163429913739354
0.7330382858	-2.4085543678	-12.4438076572212	-18.9602767668473	-13.5397358883126	0.613669548944719	-0.187421065446991
0.7330382858	-2.3561944902	-11.3792837844521	-18.779806934837	-12.2514755639855	1.02244876185883	-0.22259381852812
0.7330382858	-2.3038346126	-10.4438343705447	-17.2589178250383	-11.4577081351082	1.30526073887147	-0.255374333324011
0.7330382858	-2.2514747351	-9.77126980922907	-15.6319564574192	-11.0752974131161	1.44296068651542	-0.276406947812414
0.7330382858	-2.1991148575	-9.39660073916989	-14.3803765335233	-11.0550099659622	1.50010069361722	-0.278083840453767
0.7330382858	-2.14675498	-9.31035903048843	-13.5712167454221	-11.3508567730891	1.5246543146162	-0.253939015098794
0.7330382858	-2.0943951024	-9.47082504078308	-13.1444774626426	-11.9057977587807	1.54398766818611	-0.199326394214679
0.7330382858	-2.0420352248	-9.81360030019063	-13.0377884546709	-12.6200533663491	1.57231763556731	-0.112645043829422
0.7330382858	-1.9896753473	-10.2395833809873	-13.1431483516753	-13.3593077465243	1.61476342814765	0.00124255054676289
0.7330382858	-1.9373154697	-10.6479765580583	-13.3460053302317	-13.9947526059234	1.66866111486873	0.128529950563555
0.7330382858	-1.8849555922	-10.9675707570163	-13.534296033969	-14.4719588850621	1.72555840917773	0.249984084206639
0.7330382858	-1.8325957146	-11.1828636198898	-13.6240653182727	-14.8482450058758	1.77553390381402	0.3514620897411
0.7330382858	-1.780235837	-11.3131048394548	-13.5834430210052	-15.2158714549932	1.81336502852673	0.429609426320141
0.7330382858	-1.7278759595	-11.3753632119428	-13.4048783705617	-15.6545951150848	1.84140748665982	0.490171307011413
0.7330382858	-1.6755160819	-11.3725286343101	-13.1126814844014	-16.1855607566872	1.8679744464651	0.540806405625998
0.7330382858	-1.6231562044	-11.2862048639146	-12.7316634755857	-16.7666936979237	1.90129851075455	0.584638461794166
0.7330382858	-1.5707963268	-11.0905678699745	-12.2843939566057	-17.2822482641362	1.94584100058726	0.616058252481477
0.7330382858	-1.5184364492	-10.7648862606623	-11.7746154430025	-17.5957675885393	2.00008841330917	0.62445376757634
0.7330382858	-1.4660765717	-10.3017510989146	-11.2120457101627	-17.5349746849431	2.06062533740428	0.600239902686905
0.7330382858	-1.4137166941	-9.69986232959995	-10.5965788417944	-16.9918001437503	2.12271758995867	0.550487331398372
0.7330382858	-1.3613568166	-8.976487596017	-9.94129236372313	-15.9834116983607	2.18545924947661	0.498070107536033
0.7330382858	-1.308996939	-8.13941305876335	-9.24183475935754	-14.6333357039408	2.25087778238624	0.464997722749447
0.7330382858	-1.2566370614	-7.1992160360776	-8.49879433186574	-13.072632355786	2.32326834961174	0.459296486615519
0.7330382858	-1.2042771839	-6.1643509074303	-7.71112278187396	-11.3983875813469	2.40689932583078	0.477436411967378
0.7330382858	-1.1519173063	-5.04544648207651	-6.88709683096956	-9.65955150250037	2.50392545525075	0.509490801032651
0.7330382858	-1.0995574288	-3.86167754645569	-6.03726135103493	-7.90623849824516	2.61526349782768	0.546087475523373
0.7330382858	-1.0471975512	-2.65398269617158	-5.18393648818153	-6.20444088568787	2.74020676790622	0.583243436585327
0.7330382858	-0.9948376736	-1.47275125599131	-4.34807168757649	-4.62236086714383	2.87840799937747	0.620922421201066
0.7330382858	-0.9424777961	-0.367280243940276	-3.53867170982875	-3.22225090968424	3.02951142032519	0.662225166621582
0.7330382858	-0.8901179185	0.625219784521063	-2.75438153204965	-2.04473598115302	-3.09048910403052	0.711151771966327
0.7330382858	-0.837758041	1.4877885226112	-1.98584028773823	-1.1038824704148	-2.91789321865495	0.770703969387608
0.7330382858	-0.7853981634	2.2154391137103	-1.23334893233748	-0.396613112871305	-2.74030275357969	0.842345942650332
0.7330382858	-0.7330382858	2.8162473656473	-0.514829424763952	0.104652096208821	-2.56309565141008	0.925655096537297
0.7330382858	-0.6806784083	3.29546998563416	0.133090692143971	0.432103602413963	-2.39060117754584	1.01805675113497
0.7330382858	-0.6283185307	3.65303817765917	0.668670008863498	0.616650663517369	-2.22520483635636	1.11568839972422
0.7330382858	-0.5759586532	3.88015373380461	1.05610460920317	0.675256125071927	-2.06735856816985	1.2146029012453
0.7330382858	-0.5235987756	3.97823159497123	1.27981033326615	0.631911227556642	-1.91700149254103	1.31327855927153
0.7330382858	-0.47123889804	3.94098369997439	1.34223345659129	0.476012463141726	-1.774409249022	1.41174845282868
0.7330382858	-0.41887902048	3.78763291805275	1.25098191050109	0.245631157564758	-1.64183112188294	1.51358521112086
0.7330382858	-0.36651914292	3.5424113781909	1.03320097954633	-0.0344275038619701	-1.5224606698432	1.62275514673075
0.7330382858	-0.31415926536	3.24864939644854	0.718745880801702	-0.301872387630747	-1.42035870378237	1.74152802828432
0.7330382858	-0.2617993878	2.95664346065123	0.34783083353151	-0.496075769966752	-1.33891349096596	1.86756715499462
0.7330382858	-0.20943951024	2.7110619467309	-0.0397740282541406	-0.575193855763836	-1.27811751328302	1.99309974688523
0.7330382858	-0.15707963268	2.54882774233826	-0.381361515292095	-0.543088464030701	-1.23407713472769	2.10772885257093
0.7330382858	-0.10471975512	2.48640314223767	-0.616210864113594	-0.433504228956239	-1.19820414796445	2.20344909644297
0.7330382858	-0.05235987756	2.51936876256924	-0.70129802170823	-0.290285219701349	-1.15948459102371	2.27751605476484
0.7330382858	-4.4408920985E-16	2.63650715420072	-0.626333446520448	-0.135133788249967	-1.10883099680317	2.33277924089861
0.7330382858	0.05235987756	2.82665515829929	-0.40548823616923	0.0274151824743156	2.09924790536182	-0.765378274921171
0.7330382858	0.10471975512	3.07391395493306	-0.0739190074633876	0.196924951470445	2.17991941709849	-0.724945625115433
0.7330382858	0.15707963268	3.35443165685438	0.327190654914502	0.361006918246234	2.26960360809326	-0.679040642326383
0.7330382858	0.20943951024	3.6309360246625	0.750466265561921	0.486804741715412	2.36306944392333	-0.621942099851881
0.7330382858	0.2617993878	3.8676545619128	1.15820897278243	0.534097189764714	2.4566143776347	-0.551063570168006
0.7330382858	0.31415926536	4.03406715268272	1.52317480577762	0.459378000518936	2.54856285974585	-0.466828931372948
0.7330382858	0.36651914292	4.11720412572197	1.83367877248265	0.23357030091654	2.63846567123907	-0.371178580571986
0.7330382858	0.41887902048	4.12067594636593	2.09023533055113	-0.157002840106857	2.72640939599544	-0.267725582989523
0.7330382858	0.47123889804	4.0545009949885	2.28641268183623	-0.702395578086099	2.81177303303119	-0.161601572150658
0.7330382858	0.5235987756	3.93484019697902	2.42076954657556	-1.37660544459169	2.89364060454935	-0.0599585659430174
0.7330382858	0.5759586532	3.76284392598595	2.47279767474143	-2.13801453142923	2.97075518822451	0.0280029148297938
0.7330382858	0.6283185307	3.54170528238026	2.43440860234183	-2.9353891701255	3.04252546977111	0.0922326452026976
0.7330382858	0.6806784083	3.259499206778	2.2836710216915	-3.70339236513209	3.10833568939832	0.124772945514713
0.7330382858	0.7330382858	2.90591014603752	2.00364324442444	-4.36190854133167	-3.11475239697079	0.123477820666049
0.7330382858	0.7853981634	2.47753378860719	1.58362601489364	-4.82667240368372	-3.05991855481454	0.0947947024893946
0.7330382858	0.837758041	1.97934463853521	1.02104364464453	-5.05382250022049	-3.00989304386918	0.0524156614644704
0.7330382858	0.8901179185	1.41669780214969	0.309002337181333	-5.05902377872547	-2.96444949236953	0.0108661792334281
0.7330382858	0.9424777961	0.814562369249929	-0.541115802890548	-4.90193543791369	-2.92426278333641	-0.0210661761258245
0.7330382858	0.9948376736	0.186289391368683	-1.53915145749397	-4.65674781715494	-2.89076491450324	-0.0417208556838712
0.7330382858	1.0471975512	-0.440291935324225	-2.68667883168778	-4.37817612236336	-2.86673659613958	-0.0538437947252001
0.7330382858	1.0995574288	-1.04273355444936	-3.99191658630006	-4.11502280674547	-2.85620246061797	-0.0609701921170159
0.7330382858	1.1519173063	-1.60659325413723	-5.46432196644438	-3.90813097665973	-2.86494211565555	-0.0654728378540914
0.7330382858	1.2042771839	-2.12936394513246	-7.11156578834875	-3.78850527105902	-2.90117891669431	-0.0683430082943892
0.7330382858	1.2566370614	-2.6211425980886	-8.92720179445498	-3.77939948850827	-2.97591099034529	-0.0700524670737948
0.7330382858	1.308996939	-3.09925992677345	-10.8755132363445	-3.89212499078474	-3.10356409169743	-0.071722337873434
0.7330382858	1.3613568166	-3.56916180938394	-12.8400217066078	-4.11585850409453	2.98101475578321	-0.075997036278724
0.7330382858	1.4137166941	-4.03115846864371	-14.5556004885296	-4.4341869184409	2.69739625768487	-0.0874333205877408
0.7330382858	1.4660765717	-4.47519502865886	-15.6064754434866	-4.82349620833887	2.34127022709869	-0.111840649703299
0.7330382858	1.5184364492	-4.88653726594105	-15.7234592746499	-5.26034514578631	1.96923573470596	-0.154924324546978
0.7330382858	1.5707963268	-5.26013857145493	-15.1304895629543	-5.7323607719861	1.64456035679208	-0.220998287443484
0.7330382858	1.6231562044	-5.60053217310338	-14.2854023996614	-6.23221437411794	1.38630104053089	-0.31138150461799
0.7330382858	1.6755160819	-5.91992186328324	-13.5053662367547	-6.7520329894529	1.18132236104466	-0.425691158677322
0.7330382858	1.7278759595	-6.23438238029702	-12.9291360545742	-7.2804587993756	1.00970794253234	-0.561001224062703
0.7330382858	1.780235837	-6.55112199468236	-12.6015586552847	-7.79060915697969	0.853330947357769	-0.712163585978189
0.7330382858	1.8325957146	-6.86803011822419	-12.5229743128562	-8.24647975549789	0.697986414666375	-0.872120669648351
0.7330382858	1.8849555922	-7.18654015385124	-12.6666469242678	-8.63214965511315	0.530983029995483	-1.03084011977857
0.7330382858	1.9373154697	-7.51822833982017	-13.005477623837	-8.96102008512282	0.342981844417352	-1.17898365523454
0.7330382858	1.9896753473	-7.90604731048383	-13.5276011396308	-9.29703612707568	0.126309608090359	-1.31124597957431
0.7330382858	2.0420352248	-8.39851910803976	-14.210550522214	-9.71971618175473	-0.130176287887606	-1.42855285924824
0.7330382858	2.0943951024	-9.03679798707655	-14.9898495040555	-10.3089369912414	-0.442344840578697	-1.53664567503367
0.7330382858	2.14675498	-9.81240549425488	-15.6412442499367	-11.1276421400689	-0.825650595989831	-1.64316071975346
0.7330382858	2.1991148575	-10.6206998994948	-15.7339532811765	-12.220190732898	-1.2683203128754	-1.75405733451441
0.7330382858	2.2514747351	-11.2651153996735	-15.0317002149968	-13.6315034447674	-1.70444809624049	-1.87039715688351
0.7330382858	2.3038346126	-11.576400697267	-13.8772335403021	-15.4351382434488	-2.07175606531435	-1.9869916280047
0.7330382858	2.3561944902	-11.5762501487929	-12.7724998396885	-17.7602791001562	-2.36173289735905	-2.09093918383689
0.7330382858	2.4085543678	-11.4718245475129	-11.9995573309744	-20.8867216650457	-2.59345841737158	-2.16337561817506
0.7330382858	2.4609142453	-11.4745948793632	-11.6573771285362	-25.3241684178239	-2.78656667604655	-2.17216148614452
0.7330382858	2.5132741229	-11.7207320276983	-11.7605648078841	-32.1160701116031	-2.95236207108014	-2.02614386129244
0.7330382858	2.5656340004	-12.2996497321277	-12.3037282387893	-42.5745201789433	-3.09556657643947	-1.19755810170039
0.7330382858	2.617993878	-13.2864404833992	-13.2905938833832	-43.4823225619076	3.06674432246443	0.447019190295932
0.7330382858	2.6703537556	-14.7157984267513	-14.7264888978933	-40.8090172237106	2.96931315621528	1.74420957713835
0.7330382858	2.7227136331	-16.5222601078761	-16.6121136335988	-33.4096012958358	2.8939867186274	2.49771693996981
0.7330382858	2.7750735107	-18.4202704789909	-18.886548260667	-28.3427195648104	2.82991241678366	2.72517242968095
0.7330382858	2.8274333882	-19.948046971404	-21.3403865527671	-25.5660248633684	2.74264571356887	2.79817292131047
0.7330382858	2.8797932658	-20.809283664013	-23.3556222464374	-24.3391051604547	2.57020213319108	2.80029806601563
0.7330382858	2.9321531434	-20.9610282100011	-23.8069244590774	-24.142201133512	2.29576525914177	2.74319522173066
0.7330382858	2.9845130209	-20.2455094030312	-22.3443079886499	-24.4108645233886	2.04733132953555	2.61972598006364
0.7330382858	3.0368728985	-18.7878511664332	-20.1808878674998	-24.4039851296562	1.91056468468278	2.44094442938123
0.7330382858	3.089232776	-17.1657056577453	-18.2812239053001	-23.6146089422009	1.85769509916875	2.26365168301796
0.7330382858	3.1415926536	-15.8282937994557	-16.9495365799116	-22.257706830442	1.85443278303425	2.13861964695005
0.7853981634	-3.1415926536	-15.8288778839545	-17.2023406353189	-21.4972002573117	-1.29537324209811	-1.02778903941801
0.7853981634	-3.089232776	-14.9892124665823	-16.5306858090872	-20.2356590134666	-1.25884482263918	-1.08536607277661
0.7853981634	-3.0368728985	-14.5627151687292	-16.3579587010597	-19.2660694177319	-1.18479564072763	-1.13312544119688
0.7853981634	-2.9845130209	-14.4762841052526	-16.5074120550679	-18.752809970509	-1.06118346072491	-1.19535698065832
0.7853981634	-2.9321531434	-14.5800548682162	-16.6714559589502	-18.7573418090016	-0.879287374368101	-1.284984549584
0.7853981634	-2.8797932658	-14.6196750178605	-16.4604792107166	-19.2353826132686	-0.656089096798401	-1.40474437116402
0.7853981634	-2.8274333882	-14.3804358542007	-15.7245733807284	-20.1285907609251	-0.440190702211242	-1.54214136306358
0.7853981634	-2.7750735107	-13.8734614257684	-14.7033846828352	-21.469280670068	-0.272820297947686	-1.66286403900207
0.7853981634	-2.7227136331	-13.3359839815651	-13.7769817335486	-23.4880965225621	-0.160025142075768	-1.70094850780931
0.7853981634	-2.6703537556	-13.0073349734273	-13.2105292717593	-26.4072639481467	-0.0861892492131679	-1.50515314167445
0.7853981634	-2.617993878	-12.9951810922188	-13.1471330271902	-27.6317163049275	-0.0318755641235137	-0.830357614546495
0.7853981634	-2.5656340004	-13.2582022219644	-13.6783594074322	-23.6103124408922	0.0226772716579328	-0.268870289798705
0.7853981634	-2.5132741229	-13.5616572963493	-14.8488653628112	-19.4707320209441	0.102473139173201	-0.0953620421237975
0.7853981634	-2.4609142453	-13.5336877697938	-16.6220757008276	-16.4672790429339	0.248595271461183	-0.0619685880755033
0.7853981634	-2.4085543678	-12.9475522276659	-18.5768558906409	-14.335618895374	0.525642558381261	-0.076652028656193
0.7853981634	-2.3561944902	-11.9645978461801	-19.4011473292027	-12.828817242501	0.943331356054954	-0.107905234956954
0.7853981634	-2.3038346126	-10.9281077460394	-18.3007801604158	-11.8065183418171	1.31660337029263	-0.140938997392125
0.7853981634	-2.2514747351	-10.0682669868481	-16.5035730680805	-11.1877753972016	1.52424363880331	-0.16642423147262
0.7853981634	-2.1991148575	-9.47371143510217	-14.9375179034564	-10.925775752803	1.61942759942191	-0.177317387198662
0.7853981634	-2.14675498	-9.15123990761976	-13.7947736810417	-10.97742765988	1.66452287446208	-0.167859846129659
0.7853981634	-2.0943951024	-9.07072227212494	-13.0373496460431	-11.2977458273869	1.69479520320357	-0.133983136711645
0.7853981634	-2.0420352248	-9.16954442564346	-12.5945005572363	-11.8013510974588	1.72742257548279	-0.0738025050745882
0.7853981634	-1.9896753473	-9.35318906795338	-12.3641392715567	-12.3628388749733	1.76815118000186	0.00989589962914207
0.7853981634	-1.9373154697	-9.53265941882926	-12.2506280698154	-12.8563972843544	1.81505944641989	0.107100759089696
0.7853981634	-1.8849555922	-9.65266408057135	-12.1784420405545	-13.2084099678921	1.86229205675994	0.202465273925298
0.7853981634	-1.8325957146	-9.69178778764191	-12.0813061984269	-13.4266434304107	1.90352651143151	0.282379099224251
0.7853981634	-1.780235837	-9.66430593769667	-11.9284238563048	-13.5761469189138	1.93671153566922	0.341585497345675
0.7853981634	-1.7278759595	-9.58985269372005	-11.7097876342747	-13.7214061424908	1.9650306434334	0.38303002676049
0.7853981634	-1.6755160819	-9.47344567185972	-11.4242985804354	-13.8880176835207	1.99511122639312	0.413266008881045
0.7853981634	-1.6231562044	-9.30652089228539	-11.0818243802011	-14.0490939176868	2.03300232164121	0.43767767011049
0.7853981634	-1.5707963268	-9.06309683553669	-10.6845650694366	-14.1273944251344	2.0812846665058	0.457506435402697
0.7853981634	-1.5184364492	-8.72337471407987	-10.2413803430943	-14.0254011973015	2.13859784339471	0.470796118438799
0.7853981634	-1.4660765717	-8.27699445475017	-9.75776746640777	-13.6693226271831	2.20051959602241	0.476291780574494
0.7853981634	-1.4137166941	-7.72714244896468	-9.24243572305043	-13.0356583937122	2.26405034911387	0.476685998825383
0.7853981634	-1.3613568166	-7.09035550897245	-8.70686266726127	-12.1656344505243	2.32806003261456	0.479072873045667
0.7853981634	-1.308996939	-6.37708972939786	-8.15267638366323	-11.1191020601615	2.39416470459846	0.490676753327949
0.7853981634	-1.2566370614	-5.59024644090477	-7.57227582345977	-9.95037869489868	2.46700104573151	0.515558146591676
0.7853981634	-1.2042771839	-4.72990342576843	-6.95821307431799	-8.69461181019147	2.55056222214312	0.551619332685743
0.7853981634	-1.1519173063	-3.79870001387531	-6.31072181257351	-7.37194665621054	2.64732917091279	0.59422415867604
0.7853981634	-1.0995574288	-2.80786822470257	-5.6328368897981	-6.01176223598213	2.75835141873955	0.63750714463818
0.7853981634	-1.0471975512	-1.79072135090611	-4.93947861885141	-4.66684211087616	2.88337909089958	0.679070754890232
0.7853981634	-0.9948376736	-0.791696126829406	-4.24788373585782	-3.39765497907497	3.0216553067976	0.719372500658868
0.7853981634	-0.9424777961	0.146801758340474	-3.56555112767098	-2.25929940039583	-3.11057696027896	0.76154945455374
0.7853981634	-0.8901179185	0.990913286044082	-2.88952438983387	-1.29482458410554	-2.94862813447742	0.809531449820435
0.7853981634	-0.837758041	1.72358411802831	-2.21533752352778	-0.522100139204107	-2.77865313940913	0.866812044686225
0.7853981634	-0.7853981634	2.34018133889282	-1.54631221020346	0.0586332806633212	-2.60547639885005	0.935420249759787
0.7853981634	-0.7330382858	2.84648539574628	-0.902266119444599	0.467132961162641	-2.43425403589107	1.01496940590766
0.7853981634	-0.6806784083	3.24572497439805	-0.323694483873845	0.730703334801083	-2.2689634112542	1.10340741216123
0.7853981634	-0.6283185307	3.53552440696893	0.148941076487199	0.87148931372135	-2.11145182198428	1.19650483057475
0.7853981634	-0.5759586532	3.71509993231255	0.48350952244789	0.915359374317814	-1.96217507957261	1.29123571392503
0.7853981634	-0.5235987756	3.7737053893211	0.66516691320975	0.859470837583657	-1.82089715232261	1.38494760763207
0.7853981634	-0.47123889804	3.71544808739453	0.696611552362975	0.713667962391187	-1.68855747935414	1.47836847811147
0.7853981634	-0.41887902048	3.56153782731396	0.595844301541451	0.506168528013493	-1.56723611774589	1.57424631320517
0.7853981634	-0.36651914292	3.33049429951031	0.385009872112502	0.254396811238049	-1.46075184253836	1.67626290915237
0.7853981634	-0.31415926536	3.0647497636726	0.0813513463996389	0.027380592062072	-1.37285675737393	1.78608099198072
0.7853981634	-0.2617993878	2.81103120642334	-0.26942632834553	-0.130226530171383	-1.30612748375014	1.90131042042996
0.7853981634	-0.20943951024	2.61198217888112	-0.624284532000906	-0.183529043045655	-1.25978343204087	2.01493889835447
0.7853981634	-0.15707963268	2.49577462613732	-0.926620255893861	-0.138166917274081	-1.22860310767214	2.11801155356511
0.7853981634	-0.10471975512	2.46850990814401	-1.1247986129537	-0.0278637129875091	-1.20273989477419	2.2035829308543
0.7853981634	-0.05235987756	2.51993092215841	-1.18751306384709	0.110192403005059	-1.17148973143597	2.26958014482581
0.7853981634	-4.4408920985E-16	2.63687603205569	-1.10982783262957	0.256029107401907	-1.12620611261248	2.31876780926265
0.7853981634	0.05235987756	2.80981067556659	-0.907341794123967	0.407258965937132	2.07754981526537	-0.78398126209163
0.7853981634	0.10471975512	3.02909512641687	-0.607902819941665	0.56635850612239	2.15415860237435	-0.747230535387228
0.7853981634	0.15707963268	3.27569218795878	-0.247421414792164	0.723997599096319	2.23981682937345	-0.705163525579066
0.7853981634	0.20943951024	3.52065560264652	0.135990954767415	0.854995239423055	2.32904236620508	-0.652291870570789
0.7853981634	0.2617993878	3.7313118048377	0.510323100974998	0.921950652441916	2.41830969047609	-0.586256657350062
0.7853981634	0.31415926536	3.87995243602757	0.853367665721204	0.885876457657494	2.50615880878764	-0.507317781271975
0.7853981634	0.36651914292	3.95383756940072	1.15814710686695	0.717769236320654	2.5925578362875	-0.417392328659316
0.7853981634	0.41887902048	3.95092484915662	1.42030816724722	0.401304993061159	2.67733743173828	-0.319455740029012
0.7853981634	0.47123889804	3.88757015024818	1.64630655295182	-0.0578881933897561	2.76054855727809	-0.217751739587079
0.7853981634	0.5235987756	3.77272412365711	1.82207496887629	-0.642207228175577	2.84073916341415	-0.117744073887223
0.7853981634	0.5759586532	3.61425815671265	1.93411442692729	-1.32314313021746	2.91688149181897	-0.0265548011125839
0.7853981634	0.6283185307	3.40539776895182	1.95721097278216	-2.06819033125476	2.9880451229079	0.0482349150184383
0.7853981634	0.6806784083	3.1362865587559	1.87370695648902	-2.84497539354842	3.05403392641479	0.0999171639232753
0.7853981634	0.7330382858	2.78864633749929	1.65870250620175	-3.61135754404633	3.11533422773617	0.124779834433686
0.7853981634	0.7853981634	2.35350438015971	1.3008646265417	-4.31723538334849	-3.11042273358827	0.123437475791827
0.7853981634	0.837758041	1.82359215846947	0.7884588725451	-4.91157962743615	-3.0558546881268	0.100999823442137
0.7853981634	0.8901179185	1.21036771415434	0.126436798496158	-5.34815849586979	-3.00347274616574	0.06516451291364
0.7853981634	0.9424777961	0.526282038586287	-0.685445264575166	-5.60929805493994	-2.953386331246	0.0235979837907388
0.7853981634	0.9948376736	-0.21203989439069	-1.65512229202495	-5.69855166799457	-2.90615119692819	-0.0182631967905513
0.7853981634	1.0471975512	-0.976116983280702	-2.78711954857587	-5.64885011964417	-2.86331192220202	-0.057556318837314
0.7853981634	1.0995574288	-1.73335706436403	-4.09144797464856	-5.51142174024465	-2.82799672445749	-0.0929122423265005
0.7853981634	1.1519173063	-2.45652071622592	-5.58990017341987	-5.34713334422451	-2.8036513793922	-0.123427563309021
0.7853981634	1.2042771839	-3.13258258730786	-7.31269570179997	-5.22223632124028	-2.79591480253396	-0.148538127653247
0.7853981634	1.2566370614	-3.76333353874275	-9.30795259919026	-5.18372510024567	-2.81180829083977	-0.16821825407035
0.7853981634	1.308996939	-4.36424050424228	-11.6495072374892	-5.26248840091578	-2.8623318442134	-0.183915793766544
0.7853981634	1.3613568166	-4.94601761989199	-14.4642015363664	-5.46058252761397	-2.96799545803415	-0.198756196115734
0.7853981634	1.4137166941	-5.50411779451341	-17.9116962275934	-5.76104463717617	3.10635940444082	-0.217763596140629
0.7853981634	1.4660765717	-6.01789162972739	-21.8197992969881	-6.13360036221331	2.66713643306246	-0.247484914669892
0.7853981634	1.5184364492	-6.46607006046071	-23.5329971235125	-6.55224745299922	1.88409262537554	-0.29424689323473
0.7853981634	1.5707963268	-6.83616793761798	-21.227494954381	-6.99711162332521	1.24485712819123	-0.36309263198894
0.7853981634	1.6231562044	-7.13594266913299	-18.5848102136356	-7.45874580567031	0.912204838396063	-0.455520284842435
0.7853981634	1.6755160819	-7.39237306103119	-16.6908339634013	-7.93538044887626	0.711079082140491	-0.570783195008798
0.7853981634	1.7278759595	-7.63451416691979	-15.4479490537168	-8.41997021160347	0.558800157898539	-0.704966140353818
0.7853981634	1.780235837	-7.8881157389036	-14.7073743846462	-8.90089228830626	0.421812714446352	-0.852438164675094
0.7853981634	1.8325957146	-8.16763277497618	-14.3492271290185	-9.3646548077177	0.281861544937016	-1.0049688207374
0.7853981634	1.8849555922	-8.48132821377069	-14.2864572291555	-9.80498217128873	0.126937809603119	-1.15307431489065
0.7853981634	1.9373154697	-8.84751823101943	-14.468022953578	-10.2389031754604	-0.0524148699822548	-1.28883547755483
0.7853981634	1.9896753473	-9.29305720343318	-14.8377524206061	-10.7134193017146	-0.266184290695486	-1.40713760877661
0.7853981634	2.0420352248	-9.84710943959652	-15.3369877059702	-11.2888656644059	-0.526433356426963	-1.50905937193892
0.7853981634	2.0943951024	-10.5071597550917	-15.8129774029724	-12.0235801195422	-0.845692457177249	-1.6001130032807
0.7853981634	2.14675498	-11.2108071068727	-15.9845043720628	-12.9704778713202	-1.22362886374228	-1.68774122716913
0.7853981634	2.1991148575	-11.8057117654078	-15.5697312336834	-14.1739591028585	-1.62426905578644	-1.77766841063126
0.7853981634	2.2514747351	-12.1143189008443	-14.6285425885594	-15.6847557954768	-1.99168485455783	-1.87093704536387
0.7853981634	2.3038346126	-12.0992256203399	-13.5454294405215	-17.5778279872228	-2.29629323208014	-1.96155977479367
0.7853981634	2.3561944902	-11.9193730239389	-12.6544267253527	-19.9963698035475	-2.5433510798465	-2.03600852315148
0.7853981634	2.4085543678	-11.7984134263114	-12.1264681933457	-23.1797879254068	-2.74769643214861	-2.07185790743989
0.7853981634	2.4609142453	-11.9036225408078	-12.0250336226729	-27.4994464820952	-2.92289771660525	-2.03232305184625
0.7853981634	2.5132741229	-12.3220779886167	-12.3557279780459	-33.4468859114245	-3.07659705481224	-1.85018120891277
0.7853981634	2.5656340004	-13.1244100776904	-13.130372937741	-41.7506881146566	3.07179711902559	-1.45731163843156
0.7853981634	2.617993878	-14.3483419813186	-14.3485316186826	-57.9470408142203	2.95637288901387	2.72442644155947
0.7853981634	2.6703537556	-15.995899783368	-16.0286320241126	-37.2403413702442	2.86123217044171	2.61958487450452
0.7853981634	2.7227136331	-17.8809054992401	-18.1377564823394	-30.2897288525834	2.78461663746963	2.7398348477077
0.7853981634	2.7750735107	-19.5760826512909	-20.5850016689953	-26.4100605700152	2.71220312990665	2.78921175508693
0.7853981634	2.8274333882	-20.5991914950707	-23.010198219307	-24.3049262091442	2.60629060103002	2.79227469267958
0.7853981634	2.8797932658	-20.9601749136031	-24.5872811707764	-23.4304749348251	2.41354208485472	2.75502239847147
0.7853981634	2.9321531434	-20.8023917754358	-24.3059568294544	-23.3697804088044	2.16180410537274	2.67102360500483
0.7853981634	2.9845130209	-19.982802936874	-22.4570274509333	-23.6047922333485	1.97155872299099	2.53414199175264
0.7853981634	3.0368728985	-18.5834280472811	-20.27014073287	-23.5069553943525	1.87558277666749	2.36339470039208
0.7853981634	3.089232776	-17.0716690390913	-18.4483408174165	-22.7313761591109	1.84166258523698	2.21188705731936
0.7853981634	3.1415926536	-15.8288778839545	-17.2023406353189	-21.4972002573117	1.84621941149168	2.11380361417178
0.837758041	-3.1415926536	-15.8307449086426	-17.4886850354693	-20.8155296676686	-1.30394656932639	-1.04870731432382
0.837758041	-3.089232776	-15.0467041531981	-16.8782777484359	-19.6799529176829	-1.26496301357338	-1.08645755934118
0.837758041	-3.0368728985	-14.6494795061226	-16.7651750252018	-18.7877785095986	-1.18945823753704	-1.11422785362608
0.837758041	-2.9845130209	-14.5760377852423	-16.9761084063809	-18.2965506814339	-1.06198351102966	-1.15296423021939
0.837758041	-2.9321531434	-14.7081518572977	-17.2111268892395	-18.2929768605768	-0.868070834194454	-1.21279492998471
0.837758041	-2.8797932658	-14.7996639804319	-17.0193937723434	-18.7772012895719	-0.621305213929893	-1.29606440517575
0.837758041	-2.8274333882	-14.5865841220964	-16.1744146006296	-19.726139311442	-0.377517808256199	-1.39430549551512
0.837758041	-2.7750735107	-14.0211962250247	-14.9573859699051	-21.1450899043386	-0.18960361475942	-1.48285513973767
0.837758041	-2.7227136331	-13.3286603608897	-13.8056448556963	-23.1577705276955	-0.0657694437532113	-1.50956729581599
0.837758041	-2.6703537556	-12.7940677391952	-13.0138926000053	-25.8605916084688	0.0113239005815561	-1.35792022029028
0.837758041	-2.617993878	-12.5876716027453	-12.726028629327	-27.6244973732559	0.0621488274085097	-0.825893555701322
0.837758041	-2.5656340004	-12.745530501551	-13.0208414575076	-24.8620669767774	0.105237864456751	-0.242686357132011
0.837758041	-2.5132741229	-13.1487717223541	-13.9454786950005	-20.9058940669532	0.160563427204913	-0.0114991044361045
0.837758041	-2.4609142453	-13.4868296170734	-15.5013847787915	-17.7912912307265	0.257954425109298	0.0489050716972787
0.837758041	-2.4085543678	-13.3673578467514	-17.5284656974134	-15.4687976161332	0.449717569063235	0.0468107003654375
0.837758041	-2.3561944902	-12.672136678543	-19.2362836859893	-13.7544754669148	0.796213074400939	0.0213369174516093
0.837758041	-2.3038346126	-11.6662011452834	-19.187790796505	-12.5119184596992	1.22225874805685	-0.0101516779040143
0.837758041	-2.2514747351	-10.6847305259725	-17.6060872601038	-11.6710858614695	1.52580391585255	-0.0374546682120566
0.837758041	-2.1991148575	-9.91279073049378	-15.8466111351383	-11.1914942587838	1.6829253929588	-0.0533818550211265
0.837758041	-2.14675498	-9.39500946769277	-14.4306456401263	-11.0295123750084	1.76240778526054	-0.0521807544615421
0.837758041	-2.0943951024	-9.11334393865454	-13.3968171646944	-11.1403345042481	1.81166986827442	-0.0295801112934349
0.837758041	-2.0420352248	-9.00321989694316	-12.6839822409169	-11.4328546649536	1.85429064031699	0.0166862549111361
0.837758041	-1.9896753473	-8.98160606639721	-12.1993492545269	-11.7939213579422	1.89882022442468	0.0845811806115604
0.837758041	-1.9373154697	-8.96566764692504	-11.8615790265185	-12.0934507461702	1.94566395238145	0.165625004467673
0.837758041	-1.8849555922	-8.90153035437183	-11.5953394480599	-12.2532110779816	1.99075682762375	0.246449950291248
0.837758041	-1.8325957146	-8.77797836585281	-11.3588481999828	-12.2648771368736	2.03097114386428	0.314417310935257
0.837758041	-1.780235837	-8.60681252963188	-11.1138558145079	-12.1864240392965	2.06563857516825	0.364531007944752
0.837758041	-1.7278759595	-8.41101474248891	-10.8472209660761	-12.0830270829168	2.09794227708237	0.399577201405372
0.837758041	-1.6755160819	-8.19380077633733	-10.5441480375922	-11.9826268388704	2.13367813779127	0.425969856760402
0.837758041	-1.6231562044	-7.94566088819467	-10.2003299342807	-11.8713476335656	2.17675030568739	0.449613440257554
0.837758041	-1.5707963268	-7.64745203912815	-9.81607414334915	-11.7027404640668	2.2290969880112	0.473798689265124
0.837758041	-1.5184364492	-7.27603646640912	-9.39267242060159	-11.4128376235222	2.28837809335362	0.498099494036845
0.837758041	-1.4660765717	-6.82756905761338	-8.94781500485631	-10.9586283193806	2.35144014633372	0.520372510978248
0.837758041	-1.4137166941	-6.30843583589024	-8.49497609015573	-10.3362017943443	2.41508282836762	0.54149061273388
0.837758041	-1.3613568166	-5.73017902107707	-8.04280945723441	-9.57208392729158	2.47930969809895	0.563704693286865
0.837758041	-1.308996939	-5.10293656714582	-7.59308100359012	-8.70427734800251	2.54614438196631	0.59019358631639
0.837758041	-1.2566370614	-4.42433751986425	-7.13457461671992	-7.75698123944667	2.61985200167034	0.623372872336969
0.837758041	-1.2042771839	-3.68829346120889	-6.6518638760499	-6.74583123762343	2.70430285368694	0.663026308941315
0.837758041	-1.1519173063	-2.89117850324313	-6.13503580568048	-5.67984307367437	2.80215391029987	0.706310998462893
0.837758041	-1.0995574288	-2.04256435705767	-5.5843870946965	-4.57935739766884	2.91405246631499	0.749690502783223
0.837758041	-1.0471975512	-1.16884134677232	-5.00834811591214	-3.48315892176688	3.03992259171541	0.791100321078567
0.837758041	-0.9948376736	-0.30843350515949	-4.42080148101539	-2.44048491169476	-3.10428684747543	0.830834199726715
0.837758041	-0.9424777961	0.499099660651465	-3.82818213550691	-1.50204277207449	-2.95340022860859	0.871750537225398
0.837758041	-0.8901179185	1.22500415470846	-3.22962720547912	-0.703295852993845	-2.79254903414826	0.917817976812147
0.837758041	-0.837758041	1.85122569097082	-2.62169391822792	-0.0668856966348471	-2.62536516596453	0.972396330182504
0.837758041	-0.7853981634	2.37615542641033	-2.01048395829874	0.40938288711936	-2.45698945586805	1.03751000324941
0.837758041	-0.7330382858	2.80174738497891	-1.42344437654375	0.739717933490625	-2.29234150076299	1.11306289435956
0.837758041	-0.6806784083	3.13198066265101	-0.896906612510255	0.946174099015914	-2.13502540299591	1.19678464842599
0.837758041	-0.6283185307	3.37080117345217	-0.472761032226248	1.05933575473932	-1.98668340011253	1.28535930993506
0.837758041	-0.5759586532	3.5066957814265	-0.180952920793029	1.08221656075754	-1.84723063846642	1.37478589867226
0.837758041	-0.5235987756	3.54047291661402	-0.0311386472736002	1.0271700801994	-1.71693707251426	1.46299424545548
0.837758041	-0.47123889804	3.47066477455702	-0.01973035694048	0.892630878203212	-1.59655762023697	1.55023965746118
0.837758041	-0.41887902048	3.31726438176182	-0.131124592198487	0.704882989776912	-1.48870558054477	1.63920144408707
0.837758041	-0.36651914292	3.10309931748355	-0.343032752896267	0.48885533139505	-1.39702805966771	1.73305452191561
0.837758041	-0.31415926536	2.87218297441512	-0.628046985047109	0.30210409637326	-1.32506156828729	1.83301628890223
0.837758041	-0.2617993878	2.66305650635239	-0.95226416049117	0.183705150563371	-1.27445505591658	1.93686654436885
0.837758041	-0.20943951024	2.51382609510761	-1.2689801685032	0.159151190191766	-1.24348295858696	2.03830795893112
0.837758041	-0.15707963268	2.44424816082973	-1.52802819872677	0.221005013240881	-1.22521382242969	2.12967465451644
0.837758041	-0.10471975512	2.45167371538956	-1.68644042133529	0.335862154764475	-1.20963799360687	2.20500368406651
0.837758041	-0.05235987756	2.52060666624533	-1.72487493826401	0.470861051093188	-1.18555636219064	2.26289066638622
0.837758041	-4.4408920985E-16	2.63651112002119	-1.64403972664667	0.607781467036783	-1.14568890771471	2.30593317879938
0.837758041	0.05235987756	2.79252677421137	-1.45975442422986	0.746877203171025	2.05380864023952	-0.801490222235493
0.837758041	0.10471975512	2.98255067425256	-1.19652751326098	0.892257282814595	2.12629343915656	-0.768935075806484
0.837758041	0.15707963268	3.19448594551292	-0.879901026487123	1.03818815539095	2.20767987566271	-0.730908999345317
0.837758041	0.20943951024	3.40513141685391	-0.543092011884389	1.16573444613793	2.29247033379128	-0.682579558475806
0.837758041	0.2617993878	3.58677456845949	-0.209516259574693	1.24177944726375	2.37734770184136	-0.621881843674317
0.837758041	0.31415926536	3.71395074318053	0.100994214777999	1.23277849103249	2.46101654193025	-0.548886680499073
0.837758041	0.36651914292	3.77202106310371	0.387827709816842	1.10596127458566	2.54359038398791	-0.465380101233799
0.837758041	0.41887902048	3.76303665902874	0.650891830206252	0.852247868698757	2.62505885976841	-0.373604370484135
0.837758041	0.47123889804	3.69399025584021	0.889912346409215	0.467185633759773	2.70507453126497	-0.277115150681033
0.837758041	0.5235987756	3.58355373315295	1.10229538285609	-0.0292910671658644	2.78276011802082	-0.180176582723286
0.837758041	0.5759586532	3.43204674535837	1.26430187095135	-0.624596530836995	2.85651210583009	-0.0881742327008405
0.837758041	0.6283185307	3.2349133100137	1.35015334905831	-1.29872131196593	2.92547710254482	-0.00689920502744511
0.837758041	0.6806784083	2.981143989256	1.33706831454474	-2.03361710501028	2.98977764161783	0.0586363384652845
0.837758041	0.7330382858	2.6533461622775	1.20495330447533	-2.81972134180133	3.0500658811127	0.105161535516688
0.837758041	0.7853981634	2.22892946581297	0.927164260629406	-3.63822371479345	3.10743328509894	0.131652411370769
0.837758041	0.837758041	1.7023604750902	0.499949634863298	-4.4622970005619	-3.11997184952768	0.13879797390195
0.837758041	0.8901179185	1.07643693740703	-0.0765095984770805	-5.24704193141901	-3.06468303790918	0.128017678895608
0.837758041	0.9424777961	0.356769869209013	-0.804298328662613	-5.94010412592125	-3.00934558864285	0.100674227581799
0.837758041	0.9948376736	-0.441340278094645	-1.68328135512172	-6.48435596954858	-2.95417176419625	0.0582602827601247
0.837758041	1.0471975512	-1.29271932486259	-2.71293039386318	-6.83780495257923	-2.9000942594119	0.00366511215836837
0.837758041	1.0995574288	-2.16972229818683	-3.90007893650166	-7.00269936637684	-2.8488302618124	-0.0577642879242781
0.837758041	1.1519173063	-3.04049516861034	-5.25637148136192	-7.02381497649823	-2.802523560323	-0.119192666354779
0.837758041	1.2042771839	-3.88259586103004	-6.8034785371181	-6.98419288962766	-2.76389055807858	-0.174516853678618
0.837758041	1.2566370614	-4.69107245465955	-8.5792276507394	-6.97147261372794	-2.73525530908176	-0.220525299180857
0.837758041	1.308996939	-5.47493640117383	-10.6445422936396	-7.04956850626559	-2.71831941507311	-0.257484146645171
0.837758041	1.3613568166	-6.24305157768457	-13.1186624108612	-7.24114854065425	-2.71343240020536	-0.288480477181482
0.837758041	1.4137166941	-6.98940670396502	-16.2366669677716	-7.53927901644875	-2.71802917446976	-0.319114003545788
0.837758041	1.4660765717	-7.68857579007038	-20.565463572794	-7.91847625446528	-2.72201377987541	-0.357168784908562
0.837758041	1.5184364492	-8.29397950616872	-28.0741712629862	-8.33990559021261	-2.67035397233759	-0.410002372423205
0.837758041	1.5707963268	-8.77452319577374	-38.9984592378797	-8.77864983994919	-0.350468725372844	-0.483799740208913
0.837758041	1.6231562044	-9.13158733522535	-25.8665374321792	-9.22468436774285	0.0671693806744686	-0.581103927208359
0.837758041	1.6755160819	-9.39298605250435	-21.4673774718888	-9.67106950910843	0.0451630558233483	-0.700468993931019
0.837758041	1.7278759595	-9.61721830169317	-19.1544285088956	-10.1293958275755	-0.0211311553262292	-0.837623362517199
0.837758041	1.780235837	-9.8438564275784	-17.8483656211212	-10.5924113683617	-0.112484681270198	-0.985422799723287
0.837758041	1.8325957146	-10.1061530243744	-17.1327706379303	-11.0660725888609	-0.228345222564943	-1.13449318087709
0.837758041	1.8849555922	-10.4270687950618	-16.8189080548733	-11.5594418070043	-0.373231977471143	-1.27524370848039
0.837758041	1.9373154697	-10.8155256441776	-16.7580816454818	-12.091242450236	-0.552935961221284	-1.39888813147036
0.837758041	1.9896753473	-11.2824993248928	-16.8471731024751	-12.6951568772189	-0.776052629445751	-1.50074253523045
0.837758041	2.0420352248	-11.8087253105267	-16.9145162459894	-13.4115430801206	-1.04805045516225	-1.58152191103807
0.837758041	2.0943951024	-12.3347345593313	-16.7641368597775	-14.2772002685343	-1.36569885192381	-1.64688165167027
0.837758041	2.14675498	-12.7420820909657	-16.2167775161177	-15.3328826918229	-1.70465169004629	-1.70512402935556
0.837758041	2.1991148575	-12.8949526574045	-15.2983537939838	-16.6109556874615	-2.02767673232371	-1.76314706753489
0.837758041	2.2514747351	-12.7737155931828	-14.2491322686448	-18.1792552493757	-2.30986042027272	-1.82364187568804
0.837758041	2.3038346126	-12.4899959750701	-13.3140890750542	-20.1136091744937	-2.54729599564489	-1.8816533685597
0.837758041	2.3561944902	-12.2552374584314	-12.6833145163107	-22.5301415921107	-2.74876944337903	-1.92386601330907
0.837758041	2.4085543678	-12.2334150721635	-12.4383106002924	-25.5979783755823	-2.92407727187412	-1.9301467136483
0.837758041	2.4609142453	-12.5230194266071	-12.6108883778029	-29.5063685129254	-3.08103350402304	-1.88045376627467
0.837758041	2.5132741229	-13.1890719467995	-13.2217592748136	-34.4394542613291	3.05984420774555	-1.79818000599252
0.837758041	2.5656340004	-14.2673828975923	-14.2771023184021	-40.7736809582274	2.93120764347325	-1.99605770677738
0.837758041	2.617993878	-15.7732839736154	-15.7908591197223	-39.7109222550589	2.81750474134374	-3.10124669847993
0.837758041	2.6703537556	-17.6247321439192	-17.7723165603891	-32.385753471602	2.71962074609703	2.87517269251625
0.837758041	2.7227136331	-19.4657024068679	-20.173771958428	-27.692012044202	2.6344049713954	2.82988546460417
0.837758041	2.7750735107	-20.6812608405116	-22.7950244775793	-24.822639424159	2.5454016790306	2.80639790205459
0.837758041	2.8274333882	-21.0474882296842	-25.0518285569878	-23.249428114164	2.41441548322558	2.76778091374092
0.837758041	2.8797932658	-20.9572948048792	-25.8933030593854	-22.6380967045859	2.21693845167492	2.70169961400467
0.837758041	2.9321531434	-20.5741233417726	-24.7749546122432	-22.651023503958	2.01979722688331	2.59763599747246
0.837758041	2.9845130209	-19.6973310077386	-22.5918599680692	-22.826572817134	1.89732011917711	2.45396344906075
0.837758041	3.0368728985	-18.3719062606185	-20.3974360279073	-22.6578366522022	1.84144618721635	2.29556661395119
0.837758041	3.089232776	-16.9765866167636	-18.6532214205757	-21.9214257510154	1.82566168308966	2.16779556214818
0.837758041	3.1415926536	-15.8307449086426	-17.4886850354693	-20.8155296676686	1.8376460842634	2.09288533926598
0.8901179185	-3.1415926536	-15.8303458351806	-17.8055227747212	-20.2023519497396	-1.31334610453481	-1.06680961575587
0.8901179185	-3.089232776	-15.1054467642678	-17.2558119594704	-19.1890767233184	-1.27256541441461	-1.08726866257986
0.8901179185	-3.0368728985	-14.7375010782365	-17.200960331376	-18.3735522199987	-1.19715151140138	-1.09683904770832
0.8901179185	-2.9845130209	-14.6824672645147	-17.4897592621097	-17.9057319722423	-1.06821563342503	-1.11368480259125
0.8901179185	-2.9321531434	-14.8523218765731	-17.8273431743112	-17.8981894167164	-0.864881278479753	-1.14493549638875
0.8901179185	-2.8797932658	-15.0125024085105	-17.7006565966468	-18.3707722110051	-0.59381328354444	-1.19244504304879
0.8901179185	-2.8274333882	-14.8595202308637	-16.7790453265592	-19.3298951046183	-0.318629569919271	-1.24971908152329
0.8901179185	-2.7750735107	-14.2594266419109	-15.3516364009184	-20.7888751138769	-0.106777266689256	-1.29917538631146
0.8901179185	-2.7227136331	-13.4206765619464	-13.954011978258	-22.792454473873	0.0291887151080763	-1.30236693061986
0.8901179185	-2.6703537556	-12.6804727199634	-12.9230385996251	-25.3307371762167	0.109977611570572	-1.17461264831194
0.8901179185	-2.617993878	-12.2599441810166	-12.3956527103279	-27.3793934271361	0.158367260302208	-0.766544950715886
0.8901179185	-2.5656340004	-12.2480042597602	-12.4348385132529	-26.0043645917177	0.192716777972426	-0.212194792530396
0.8901179185	-2.5132741229	-12.5998440937525	-13.0639365221058	-22.5416223923799	0.229567898786883	0.0803749330542331
0.8901179185	-2.4609142453	-13.1348171190175	-14.3034291608082	-19.4071683499968	0.290561987966855	0.176511816456539
0.8901179185	-2.4085543678	-13.4805072593802	-16.0869491938696	-16.9361073920119	0.410096826729922	0.191331360353299
0.8901179185	-2.3561944902	-13.2766984947059	-18.0874085922968	-15.0179962045077	0.643308519488263	0.173356691042236
0.8901179185	-2.3038346126	-12.5311435447801	-19.2733443389225	-13.5643869068808	1.016038206346	0.144553074998797
0.8901179185	-2.2514747351	-11.5760713347977	-18.6865206169053	-12.5155015298461	1.39835512134354	0.116861944895168
0.8901179185	-2.1991148575	-10.7059048800475	-17.1123444326506	-11.8339381079037	1.6501258976993	0.0983473155634841
0.8901179185	-2.14675498	-10.0485424534981	-15.5584286936631	-11.4824463542228	1.79177436703723	0.0953393242151636
0.8901179185	-2.0943951024	-9.60745212215831	-14.3129831573674	-11.4015817699522	1.87892562592418	0.112610566956957
0.8901179185	-2.0420352248	-9.32954456036435	-13.3781874329717	-11.5024760190675	1.94502138919819	0.152737938523316
0.8901179185	-1.9896753473	-9.1324176037585	-12.6831095986769	-11.662186561212	2.00443137244321	0.213880096909131
0.8901179185	-1.9373154697	-8.93583210306737	-12.1479230443598	-11.7533022761744	2.06070602583972	0.287750393131026
0.8901179185	-1.8849555922	-8.69580625048723	-11.7174335203923	-11.6948083610366	2.11207499487469	0.361019985059384
0.8901179185	-1.8325957146	-8.40884141496196	-11.3433137320597	-11.4963165209463	2.15757043947723	0.422305784801738
0.8901179185	-1.780235837	-8.09585488573036	-11.0000230941819	-11.2149453193734	2.19797523962579	0.467876600291942
0.8901179185	-1.7278759595	-7.7740128287622	-10.662842052936	-10.9092790165121	2.23668887886524	0.500243467767344
0.8901179185	-1.6755160819	-7.45233075496201	-10.3144942276901	-10.6159990671001	2.27821340511934	0.526388394807467
0.8901179185	-1.6231562044	-7.11836827022225	-9.94231436771619	-10.3233783516574	2.32686956610568	0.552128002875349
0.8901179185	-1.5707963268	-6.75097889191178	-9.53950453772859	-9.99499047559368	2.38249305335369	0.580376512837288
0.8901179185	-1.5184364492	-6.33663231435063	-9.11823998255209	-9.58833978053246	2.44378163113438	0.610923610757222
0.8901179185	-1.4660765717	-5.86787939768461	-8.69255498737452	-9.07209322670712	2.50777621010532	0.641625499069183
0.8901179185	-1.4137166941	-5.35476783868814	-8.28070693947714	-8.45109986085658	2.57251546081663	0.670650235691926
0.8901179185	-1.3613568166	-4.80740776389467	-7.89413042786196	-7.74260659954344	2.63820585745977	0.699421630154975
0.8901179185	-1.308996939	-4.23314234184351	-7.52891444989136	-6.97558312083652	2.70742341684234	0.729645697890066
0.8901179185	-1.2566370614	-3.62644558445763	-7.16789883571394	-6.1635318011939	2.783890524416	0.76354369276127
0.8901179185	-1.2042771839	-2.97687794805674	-6.78679506949557	-5.31214379435842	2.87160461841548	0.801431184696146
0.8901179185	-1.1519173063	-2.27708560884948	-6.36830280729243	-4.42259640737795	2.97214559853056	0.84143183407503
0.8901179185	-1.0995574288	-1.53290785594305	-5.90721994332039	-3.50675743280375	3.08646864436047	0.881368754282804
0.8901179185	-1.0471975512	-0.766160387790592	-5.41011804826388	-2.59212658417311	-3.06915885707996	0.91950517480782
0.8901179185	-0.9948376736	-0.0125374013917572	-4.89033125411184	-1.72112442196463	-2.92928516450541	0.956314989158215
0.8901179185	-0.9424777961	0.693820066911857	-4.35326001853169	-0.935463349432327	-2.77843636002094	0.994346396549797
0.8901179185	-0.8901179185	1.32633204383185	-3.79833288500032	-0.268087198628913	-2.61904690443573	1.03716885348674
0.8901179185	-0.837758041	1.86861717792131	-3.22509136678956	0.26039522589844	-2.45516954056779	1.08809471764858
0.8901179185	-0.7853981634	2.3194542848448	-2.64520809581994	0.652128373925178	-2.2922924063599	1.14902100033549
0.8901179185	-0.7330382858	2.68194059303883	-2.08660313043846	0.919692975353835	-2.13538005646542	1.22002718006387
0.8901179185	-0.6806784083	2.95744404226766	-1.5931247614184	1.08185835139388	-1.98747156501623	1.29879083275016
0.8901179185	-0.6283185307	3.15509245121258	-1.20165550315688	1.17110455923029	-1.84990044851224	1.38196982338223
0.8901179185	-0.5759586532	3.25761727275388	-0.940241070815537	1.17889308478532	-1.72247984409631	1.46530702359706
0.8901179185	-0.5235987756	3.2725623312201	-0.815917964236166	1.12530203615229	-1.60527375807427	1.54701346520925
0.8901179185	-0.47123889804	3.19783104437178	-0.821775853840247	1.00594277088222	-1.4992523445961	1.62721275159216
0.8901179185	-0.41887902048	3.05512328260729	-0.939269257339329	0.84660207888652	-1.40705808496833	1.70811350049104
0.8901179185	-0.36651914292	2.86810641340606	-1.14574908962032	0.672438260644691	-1.33223793678833	1.79269767168968
0.8901179185	-0.31415926536	2.67659994600332	-1.41392398552015	0.530646164892758	-1.27796441192826	1.88180741916695
0.8901179185	-0.2617993878	2.5152445071536	-1.70747781771446	0.45171371170247	-1.24492706628124	1.97378094207726
0.8901179185	-0.20943951024	2.41852456401517	-1.98039187291835	0.458768884867581	-1.22985936683384	2.06278467305366
0.8901179185	-0.15707963268	2.39577745503075	-2.19044465267719	0.539328279083195	-1.22499377409626	2.14224675910537
0.8901179185	-0.10471975512	2.43695165818247	-2.30551744623403	0.661595691439628	-1.21935154738602	2.20749572208102
0.8901179185	-0.05235987756	2.52232024669473	-2.31822448993257	0.7956630547779	-1.20248800901366	2.2572512982893
0.8901179185	-4.4408920985E-16	2.63663345099257	-2.23490817839605	0.925029416664809	-1.16780670383218	2.29404927831116
0.8901179185	0.05235987756	2.77483954040008	-2.07083892987961	1.05068651210868	2.0272918724388	-0.818234934715924
0.8901179185	0.10471975512	2.93536619339537	-1.84391032871871	1.17847998229673	2.09558648888819	-0.789905115405014
0.8901179185	0.15707963268	3.11116514898372	-1.57622261165839	1.3077255280239	2.17263290046012	-0.756257737383354
0.8901179185	0.20943951024	3.28550204761807	-1.29038486103502	1.42353038711803	2.25305658942077	-0.713008795835095
0.8901179185	0.2617993878	3.43399672527411	-1.00892381735581	1.49913726367761	2.33347836591574	-0.657958228271027
0.8901179185	0.31415926536	3.53601826523806	-0.741544083004237	1.50550824597128	2.41290620886818	-0.591360879510991
0.8901179185	0.36651914292	3.57550180530695	-0.486389155509283	1.41115041519286	2.49136521993542	-0.514686177625984
0.8901179185	0.41887902048	3.55687629677124	-0.236690677846834	1.20993003790144	2.56918081556035	-0.429637074534868
0.8901179185	0.47123889804	3.48374260666189	0.0100553315613742	0.892119332820493	2.64577736088967	-0.339272617249927
0.8901179185	0.5235987756	3.36775018662799	0.246838587002842	0.465314503625344	2.7199043219865	-0.24704761275996
0.8901179185	0.5759586532	3.22067205719032	0.453495487990243	-0.0471729652234782	2.79015381195965	-0.156685514531357
0.8901179185	0.6283185307	3.03489233954151	0.600287949511425	-0.63925002534426	2.85549908556449	-0.0725896998104823
0.8901179185	0.6806784083	2.79912049627325	0.662458045093567	-1.30598245396074	2.91639114981155	0.00146327186329034
0.8901179185	0.7330382858	2.48645954348094	0.604973903177731	-2.05320725407142	2.97337721428395	0.0632231580564818
0.8901179185	0.7853981634	2.081278245605	0.413537254277706	-2.88249738589205	3.02797658577655	0.111899137583002
0.8901179185	0.837758041	1.57580535863094	0.084704177501951	-3.79120675198479	3.08188197178132	0.147398074633524
0.8901179185	0.8901179185	0.965516872238985	-0.387082737028893	-4.75939497473072	3.13620374689697	0.168998933102626
0.8901179185	0.9424777961	0.2538293593076	-1.00326905745013	-5.74371921062934	-3.09154457645892	0.174008954476163
0.8901179185	0.9948376736	-0.544908633153819	-1.75516967740809	-6.68504801652234	-3.03500649150592	0.15811376738337
0.8901179185	1.0471975512	-1.41660271654859	-2.64191619025835	-7.5102354961936	-2.9780707232397	0.117411107332739
0.8901179185	1.0995574288	-2.33923317671895	-3.66123226387602	-8.14900976903951	-2.92201437618326	0.0523319110851676
0.8901179185	1.1519173063	-3.28919386318972	-4.81454137992667	-8.57372318373669	-2.86857724941171	-0.0293875101738297
0.8901179185	1.2042771839	-4.24586573439888	-6.10693824953236	-8.82343280211423	-2.81952270701529	-0.115195274717834
0.8901179185	1.2566370614	-5.20016214752967	-7.55197866675333	-8.98694284797348	-2.77614870543422	-0.193725427870766
0.8901179185	1.308996939	-6.15749570345869	-9.1709890855629	-9.16460458107733	-2.73839928875021	-0.259455257991784
0.8901179185	1.3613568166	-7.13019494481537	-10.9999114518386	-9.4233746555591	-2.70412950630799	-0.313141358419274
0.8901179185	1.4137166941	-8.12270872260944	-13.1058367124758	-9.78141921861203	-2.6668231802967	-0.360863993375782
0.8901179185	1.4660765717	-9.10862134197859	-15.5774977770721	-10.2183075807966	-2.61204733904961	-0.410980699183337
0.8901179185	1.5184364492	-10.0348173063094	-18.5175478500938	-10.699016005838	-2.50844495919991	-0.473303964767346
0.8901179185	1.5707963268	-10.8324816528828	-21.8657883313442	-11.1890648030015	-2.28812201017982	-0.556216187992217
0.8901179185	1.6231562044	-11.4506480250196	-24.6008622883647	-11.6661714561955	-1.85660814529739	-0.663193550060147
0.8901179185	1.6755160819	-11.8964614393295	-24.6425925055903	-12.1335842878443	-1.35442269581098	-0.793974299707935
0.8901179185	1.7278759595	-12.2141672923154	-22.9935951719799	-12.5931805253956	-1.07779182158832	-0.942470115725478
0.8901179185	1.780235837	-12.4758359158366	-21.4612602439606	-13.0622909385964	-1.00005602896201	-1.09910058553774
0.8901179185	1.8325957146	-12.7349259286254	-20.3821801358751	-13.5540953889935	-1.03469585728383	-1.25270432449349
0.8901179185	1.8849555922	-13.0300967267534	-19.6424843997102	-14.0988791058708	-1.14088863596788	-1.39134637418265
0.8901179185	1.9373154697	-13.3662614428981	-19.0686492902086	-14.7271205545852	-1.30128243681851	-1.50448190727863
0.8901179185	1.9896753473	-13.7065494164892	-18.4993501758709	-15.4567080101189	-1.50475423102272	-1.58589891382083
0.8901179185	2.0420352248	-13.9792171421464	-17.7944498781735	-16.3107017546764	-1.73844463633156	-1.63552229550431
0.8901179185	2.0943951024	-14.0752842330015	-16.8978960608798	-17.2817514151234	-1.98391989350417	-1.66013206320337
0.8901179185	2.14675498	-13.9308406572772	-15.8624207268673	-18.3796098524505	-2.22269400629992	-1.67137324114585
0.8901179185	2.1991148575	-13.5774722944171	-14.8104659634052	-19.6476278982381	-2.44150042398742	-1.68173985585232
0.8901179185	2.2514747351	-13.1488727142306	-13.8978031391806	-21.1513863307404	-2.63775120872568	-1.69867756809969
0.8901179185	2.3038346126	-12.8046590824856	-13.2426355584233	-22.9851423674079	-2.81361062090052	-1.72168741585115
0.8901179185	2.3561944902	-12.6831495007069	-12.9306659652222	-25.2481221547371	-2.97387962768821	-1.74323090260193
0.8901179185	2.4085543678	-12.8749524752002	-13.0091154393539	-28.0433779319658	-3.12332992620215	-1.75668084916436
0.8901179185	2.4609142453	-13.4367889723511	-13.505654178532	-31.4690206683832	3.01798934128812	-1.78181641488414
0.8901179185	2.5132741229	-14.4121415662563	-14.4460113297357	-35.5087869162973	2.88223072143272	-1.94670767075208
0.8901179185	2.5656340004	-15.8222230720799	-15.8504766763984	-37.7034467412767	2.75267906089171	-2.5691758479389
0.8901179185	2.617993878	-17.6314043330015	-17.7417270068738	-33.6376442206561	2.63020285312087	3.1257574386314
0.8901179185	2.6703537556	-19.5961687131933	-20.1250093056166	-29.0025014172289	2.51438508595516	2.93134206358789
0.8901179185	2.7227136331	-21.0595840159527	-22.8937145717464	-25.6879628788389	2.40090539097881	2.85411820502987
0.8901179185	2.7750735107	-21.4614755983082	-25.6439770730488	-23.5496540988969	2.27485261100613	2.79714145547139
0.8901179185	2.8274333882	-21.1866392813178	-27.4022033328169	-22.3729362300057	2.12159109867473	2.73133431768995
0.8901179185	2.8797932658	-20.7981590662381	-27.1454456691565	-21.943892629421	1.97015801261278	2.64314437986998
0.8901179185	2.9321531434	-20.2862314833597	-25.2021387808823	-21.9765652515265	1.87182446179824	2.52433516249239
0.8901179185	2.9845130209	-19.393432404974	-22.7567493566079	-22.0772657730099	1.82530264327986	2.3794586480481
0.8901179185	3.0368728985	-18.1534066627404	-20.5652992771469	-21.8579480793388	1.80824252800449	2.2357499785835
0.8901179185	3.089232776	-16.8805008581665	-18.8981156771145	-21.1797834055525	1.80975032265056	2.12982063224554
0.8901179185	3.1415926536	-15.8303458351806	-17.8055227747212	-20.2023519497396	1.82824654905498	2.07478303783393
0.9424777961	-3.1415926536	-15.8283641047778	-18.1552765380945	-19.6500392568425	-1.32350335126313	-1.08261877728025
0.9424777961	-3.089232776	-15.1701657300766	-17.6726073953555	-18.7556750730787	-1.28161086252504	-1.08777131707683
0.9424777961	-3.0368728985	-14.8277606454762	-17.6676720208909	-18.0154080597689	-1.20824961671019	-1.08109643926736
0.9424777961	-2.9845130209	-14.7953772457691	-18.0399173673466	-17.5834270336488	-1.08130841442692	-1.07700879109899
0.9424777961	-2.9321531434	-15.0075198575598	-18.5222305962181	-17.5659448658018	-0.872115814464715	-1.08126127315394
0.9424777961	-2.8797932658	-15.2558798984022	-18.5295516911236	-18.0178707312319	-0.577160954342839	-1.09362157995618
0.9424777961	-2.8274333882	-15.1972709261045	-17.5674843316278	-18.9585805648853	-0.265032441160842	-1.1084181146782
0.9424777961	-2.7750735107	-14.5945733200431	-15.9203100489404	-20.3938626029377	-0.0250291693022308	-1.11309185343551
0.9424777961	-2.7227136331	-13.6332489941898	-14.2620769860267	-22.3363943625626	0.124393430800734	-1.08069274591527
0.9424777961	-2.6703537556	-12.6904523485613	-12.9724400423073	-24.7062248838319	0.208922641382688	-0.955183289339135
0.9424777961	-2.617993878	-12.0472600538462	-12.1935662080637	-26.8454249327956	0.25514813435922	-0.639322548712983
0.9424777961	-2.5656340004	-11.8233526464732	-11.965708610937	-26.738422636437	0.282303110230557	-0.158084683663684
0.9424777961	-2.5132741229	-12.0210100164117	-12.2936533328391	-24.1785130805829	0.305420037062008	0.185656026972519
0.9424777961	-2.4609142453	-12.5441322738144	-13.1756787402062	-21.2298695811984	0.340417758837106	0.329073631488224
0.9424777961	-2.4085543678	-13.1459338304049	-14.5723085948109	-18.6751257384783	0.408940590016764	0.367512853936706
0.9424777961	-2.3561944902	-13.4578147560968	-16.3542612728405	-16.5850334419681	0.545153480897916	0.359386842583189
0.9424777961	-2.3038346126	-13.2150122931072	-18.0807504029763	-14.9294225893597	0.789423330610747	0.3335159523445
0.9424777961	-2.2514747351	-12.5389549674533	-18.8845569706031	-13.6851972181757	1.13342531248178	0.305670236680866
0.9424777961	-2.1991148575	-11.7397590268677	-18.3243291105978	-12.816335043556	1.46497420699161	0.285508478742604
0.9424777961	-2.14675498	-11.0457783392409	-17.0779330848011	-12.2913209162068	1.70138889949985	0.28065212208194
0.9424777961	-2.0943951024	-10.515740335069	-15.8006061208567	-12.04094627304	1.85859120240074	0.296475689514802
0.9424777961	-2.0420352248	-10.1151872053807	-14.7254078569141	-11.9588904735609	1.97290514481943	0.335608987072727
0.9424777961	-1.9896753473	-9.76399629013921	-13.8484226011962	-11.9138513172686	2.06546155879705	0.395585539386618
0.9424777961	-1.9373154697	-9.39415268488613	-13.1323818022794	-11.7811979403162	2.14521314681168	0.467119798405681
0.9424777961	-1.8849555922	-8.97341829661096	-12.5299860382881	-11.4985480334019	2.2132818592424	0.535972814530158
0.9424777961	-1.8325957146	-8.51303315174672	-12.005843919702	-11.0891101111875	2.27073729214392	0.592576048882465
0.9424777961	-1.780235837	-8.04545413960192	-11.5428235061019	-10.6178434832787	2.32093385723337	0.633314713501764
0.9424777961	-1.7278759595	-7.59397357424394	-11.115302002722	-10.1470960682994	2.36712718024873	0.662735691100214
0.9424777961	-1.6755160819	-7.16296211004985	-10.6991262506511	-9.70424998283588	2.41560494346768	0.687772496708813
0.9424777961	-1.6231562044	-6.73805655165679	-10.2795975576813	-9.27507313362224	2.46889180800399	0.713958812859909
0.9424777961	-1.5707963268	-6.29830080207732	-9.84973004686673	-8.82748704425471	2.52824407719957	0.743576641902724
0.9424777961	-1.5184364492	-5.82809495703646	-9.41851936465886	-8.32671026606429	2.59239834411445	0.775807902967912
0.9424777961	-1.4660765717	-5.32411284903432	-9.00381855904805	-7.75453994367996	2.65928157708273	0.807846915878139
0.9424777961	-1.4137166941	-4.79575432101301	-8.62583775422054	-7.11671680763243	2.72734274655724	0.83836911810945
0.9424777961	-1.3613568166	-4.25621123712232	-8.29569714064924	-6.43509844348311	2.79806173717711	0.867221311721882
0.9424777961	-1.308996939	-3.70638749484791	-8.00002627016747	-5.72734312506456	2.8736442172624	0.896236547408538
0.9424777961	-1.2566370614	-3.14142021091028	-7.71379396301294	-5.0052736812491	2.95761531026491	0.927295249819038
0.9424777961	-1.2042771839	-2.54787818819694	-7.40589885581592	-4.26602884562863	3.05252137998991	0.960900446345877
0.9424777961	-1.1519173063	-1.91587509167267	-7.05287283704154	-3.50483489275854	-3.12348244645845	0.995914778748588
0.9424777961	-1.0995574288	-1.2472555515631	-6.64361277784655	-2.72639263471552	-3.00409268768561	1.03068200631656
0.9424777961	-1.0471975512	-0.561067717716566	-6.18605111209809	-1.9507624981955	-2.87317730592244	1.06391668172602
0.9424777961	-0.9948376736	0.112142959295861	-5.69255217261701	-1.2116656144331	-2.7315421096484	1.09604262957636
0.9424777961	-0.9424777961	0.740756702991763	-5.16963731043454	-0.545996307827017	-2.5808020905866	1.1297238354919
0.9424777961	-0.8901179185	1.30095823235745	-4.61763175363567	0.0170280566600658	-2.42314687147366	1.16806687414945
0.9424777961	-0.837758041	1.77993307350742	-4.03820257448252	0.460904373473049	-2.26376139007861	1.21431210484838
0.9424777961	-0.7853981634	2.17616832998058	-3.45301356640527	0.788055804513955	-2.10805110363392	1.27059192368933
0.9424777961	-0.7330382858	2.48976366395935	-2.89408714144036	1.00554158356232	-1.96086447853527	1.33627334006826
0.9424777961	-0.6806784083	2.72611136010542	-2.40962684541595	1.136595015766	-1.82492938273366	1.40945545141145
0.9424777961	-0.6283185307	2.89198597823205	-2.03557432977256	1.20718598568654	-1.70085855981418	1.4862559511925
0.9424777961	-0.5759586532	2.97523255805362	-1.79580593469532	1.21423293765701	-1.58819710449097	1.56281997385122
0.9424777961	-0.5235987756	2.97748305557737	-1.69193137186215	1.16476239219579	-1.48672475352307	1.63700091817865
0.9424777961	-0.47123889804	2.91124898590282	-1.71328518467569	1.07509666782259	-1.39757766600064	1.70880720466363
0.9424777961	-0.41887902048	2.78549977681025	-1.83786513908662	0.948732054940653	-1.32362993655632	1.78041192095752
0.9424777961	-0.36651914292	2.626155690107	-2.03966507520343	0.811572336252725	-1.26784356020083	1.85466329879026
0.9424777961	-0.31415926536	2.48041310433573	-2.28675619016346	0.717477474963024	-1.23299775301243	1.93206705070864
0.9424777961	-0.2617993878	2.37016884890216	-2.54438583824639	0.679191333791497	-1.21869295970931	2.01152980907095
0.9424777961	-0.20943951024	2.32684626334427	-2.76788625140698	0.719083154681017	-1.22025109994529	2.08786436998531
0.9424777961	-0.15707963268	2.34984043530808	-2.92298117353068	0.819556793680922	-1.22885545072079	2.15564421045674
0.9424777961	-0.10471975512	2.42372031869793	-2.99004251507137	0.951626029685305	-1.23298289059816	2.21074837306865
0.9424777961	-0.05235987756	2.52444322258019	-2.97465835652422	1.08631303560844	-1.22298797143314	2.25242800240829
0.9424777961	-4.4408920985E-16	2.63656714082123	-2.8885945700397	1.20862445423747	-1.19331978150759	2.28303719800391
0.9424777961	0.05235987756	2.75710698273474	-2.74529224738485	1.32027062806184	1.9973216684659	-0.83437382024923
0.9424777961	0.10471975512	2.88801342844123	-2.55721535545398	1.42855107488741	2.06140113130524	-0.810535368737623
0.9424777961	0.15707963268	3.02691693352929	-2.34099925964044	1.53618605202967	2.13421165963955	-0.781487789473021
0.9424777961	0.20943951024	3.16158010689662	-2.11493773017297	1.63285688761642	2.21026621314912	-0.743433593556396
0.9424777961	0.2617993878	3.27486625807258	-1.89375177985854	1.69980236892468	2.28631550072767	-0.694454023822104
0.9424777961	0.31415926536	3.34692409865735	-1.68217531859801	1.70943081889905	2.36134381130093	-0.634696097255118
0.9424777961	0.36651914292	3.36670974825337	-1.47333660721107	1.63980921832729	2.43570377136912	-0.565128970629892
0.9424777961	0.41887902048	3.32774534735003	-1.25407850286273	1.46894848184127	2.50964503426602	-0.488044984775758
0.9424777961	0.47123889804	3.24471136485254	-1.01710642463245	1.20478931687449	2.5823736815767	-0.404674627782511
0.9424777961	0.5235987756	3.12410360779226	-0.767891017170347	0.846352965563011	2.65234219968888	-0.318222064516749
0.9424777961	0.5759586532	2.97508152294082	-0.527591146345548	0.406973415608142	2.71801681921411	-0.231555104334905
0.9424777961	0.6283185307	2.79702694387273	-0.328005067167489	-0.101494104449437	2.77861650934039	-0.147849374459667
0.9424777961	0.6806784083	2.57147478908061	-0.202451126528427	-0.688808645411382	2.83431132190711	-0.0699777897078054
0.9424777961	0.7330382858	2.27712694820503	-0.181123216261571	-1.36575737627856	2.88621266281662	0.000552603792855381
0.9424777961	0.7853981634	1.89435464334756	-0.282460127702856	-2.14831401809566	2.93591072588444	0.0636250292531748
0.9424777961	0.837758041	1.41260369791117	-0.514348483434736	-3.04444009432293	2.98520038362144	0.119617822864747
0.9424777961	0.8901179185	0.829152946258073	-0.879528302370932	-4.04844543361872	3.03531752227587	0.168135612218075
0.9424777961	0.9424777961	0.15032054255248	-1.37306558754787	-5.13887335936673	3.08679712280644	0.206184053454635
0.9424777961	0.9948376736	-0.612880503469972	-1.9893630045415	-6.27309512436858	3.13959844026997	0.228048909170403
0.9424777961	1.0471975512	-1.44934552795032	-2.7232537159794	-7.39720287647234	-3.09019256588794	0.225641304843451
0.9424777961	1.0995574288	-2.34526354870007	-3.56717454430684	-8.44935123223713	-3.03742287692084	0.191844614016098
0.9424777961	1.1519173063	-3.28594504498037	-4.51679380906712	-9.36264035788298	-2.98676418662341	0.126162823334214
0.9424777961	1.2042771839	-4.25833527358042	-5.56720487829357	-10.1052257467669	-2.93976690494964	0.0375224171360369
0.9424777961	1.2566370614	-5.2553816623678	-6.71936048287832	-10.6893232728997	-2.89771797007492	-0.0586090689757864
0.9424777961	1.308996939	-6.28056587952578	-7.97204760870775	-11.1940615701923	-2.86126383138575	-0.147957034959359
0.9424777961	1.3613568166	-7.35065139917853	-9.33435478199777	-11.7078907262867	-2.82928975601912	-0.223821243062935
0.9424777961	1.4137166941	-8.47934130707717	-10.8191025033641	-12.2829533775995	-2.79955517455091	-0.28834464424926
0.9424777961	1.4660765717	-9.66227553128905	-12.4374353862057	-12.921179220662	-2.76598425366637	-0.350211865930844
0.9424777961	1.5184364492	-10.8744014115834	-14.1888798463841	-13.6004400685573	-2.7195094336813	-0.421893662592834
0.9424777961	1.5707963268	-12.0594300280578	-16.0229195371187	-14.2885570513963	-2.64795121050976	-0.515759394282901
0.9424777961	1.6231562044	-13.1337794216793	-17.7858682031415	-14.9555020361663	-2.5402632364202	-0.639696737492275
0.9424777961	1.6755160819	-14.0160040302423	-19.1987621060644	-15.58490083406	-2.39831215819169	-0.794330319447017
0.9424777961	1.7278759595	-14.6599723116864	-19.9904273537639	-16.1661382600662	-2.25068536654881	-0.971609320835885
0.9424777961	1.780235837	-15.0817154080421	-20.1237856921418	-16.7132812964503	-2.14321255519229	-1.15746812170562
0.9424777961	1.8325957146	-15.3410491389547	-19.8047319151479	-17.264298135554	-2.10257988160942	-1.33410169972678
0.9424777961	1.8849555922	-15.4950619122957	-19.2401706188345	-17.8770739178029	-2.12718128985427	-1.4834405998558
0.9424777961	1.9373154697	-15.5663958764465	-18.5338863884911	-18.6199314651205	-2.20166062015723	-1.58948015814988
0.9424777961	1.9896753473	-15.5123856581517	-17.7220721313663	-19.5050208112331	-2.30863208404376	-1.64145501658512
0.9424777961	2.0420352248	-15.2732064274878	-16.8317964081793	-20.4797446680663	-2.43355383794309	-1.63687241601229
0.9424777961	2.0943951024	-14.8382521087878	-15.9073955529987	-21.4493459932351	-2.56626424752735	-1.58737481239972
0.9424777961	2.14675498	-14.2846796325001	-15.0207171673828	-22.3563455169958	-2.70018096433848	-1.51958032178223
0.9424777961	2.1991148575	-13.7455352428452	-14.2575004107657	-23.2844423931413	-2.83218472659441	-1.46353198415008
0.9424777961	2.2514747351	-13.3510971189601	-13.7046100138842	-24.4204451574829	-2.96177381377987	-1.43737087624528
0.9424777961	2.3038346126	-13.1925616199759	-13.4291254950996	-25.9486655170494	-3.09027496726401	-1.4454080415234
0.9424777961	2.3561944902	-13.3410147829641	-13.4921268719426	-28.0012027693991	3.06375119857895	-1.48835192055836
0.9424777961	2.4085543678	-13.8494801999619	-13.9407230527621	-30.670876311525	2.93209163018305	-1.58320771515688
0.9424777961	2.4609142453	-14.7623427588436	-14.8159766169932	-33.8725848122066	2.7960578021707	-1.80810861972048
0.9424777961	2.5132741229	-16.1133797482711	-16.1573557202499	-36.0810378210989	2.65392185021518	-2.33367577158873
0.9424777961	2.5656340004	-17.8808889664573	-17.990485878184	-33.915432130848	2.5044075346247	-2.93514448728842
0.9424777961	2.617993878	-19.8979215825414	-20.3490503560123	-29.956371415384	2.34353323843293	3.05761004465615
0.9424777961	2.6703537556	-21.5609323526426	-23.1866741034031	-26.6158027306851	2.16584389532045	2.92926366905043
0.9424777961	2.7227136331	-22.0667338583755	-26.2326874192958	-24.1651606375977	1.96721122810238	2.84809356042181
0.9424777961	2.7750735107	-21.6048648208535	-28.7012232575096	-22.5477046701899	1.7723040093736	2.77301329604615
0.9424777961	2.8274333882	-20.9879507019438	-29.4544823914947	-21.6548321220258	1.66284090076053	2.68703518012094
0.9424777961	2.8797932658	-20.5047170310599	-28.1160961261487	-21.3313708389829	1.67228877516991	2.581041108704
0.9424777961	2.9321531434	-19.9518116195299	-25.5836058432437	-21.338940720834	1.72073013181012	2.45220210780095
0.9424777961	2.9845130209	-19.0757126127114	-22.9604605661466	-21.3584673637386	1.755340976521	2.31053843118227
0.9424777961	3.0368728985	-17.9305354340369	-20.7795194510193	-21.1083752350861	1.77591505281263	2.18268573570484
0.9424777961	3.089232776	-16.7790704897875	-19.1788425642563	-20.4999880472292	1.79353094360343	2.09668250539319
0.9424777961	3.1415926536	-15.8283641047778	-18.1552765380945	-19.6500392568425	1.81808930232666	2.05897387630954
0.9948376736	-3.1415926536	-15.8292090659415	-18.5487699876367	-19.1511170510087	-1.33447794623583	-1.09660358309011
0.9948376736	-3.089232776	-15.2316282108421	-18.1124748713574	-18.3753590375614	-1.29275089357313	-1.08823053557899
0.9948376736	-3.0368728985	-14.9248785742863	-18.1673197831816	-17.7148187234009	-1.22307691541681	-1.06650505523728
0.9948376736	-2.9845130209	-14.9172381039366	-18.632494666086	-17.3211910839346	-1.10157050472587	-1.04297572177858
0.9948376736	-2.9321531434	-15.1712077537795	-19.2909637494451	-17.2985829588388	-0.892543448204459	-1.02145502634297
0.9948376736	-2.8797932658	-15.5190398415121	-19.5198002709902	-17.7233452527522	-0.575510449143796	-0.999098242578274
0.9948376736	-2.8274333882	-15.5841021160015	-18.582549542951	-18.6062870381557	-0.219553424933055	-0.971123466374534
0.9948376736	-2.7750735107	-15.0268371880834	-16.7117028556693	-19.9542589270608	0.0550061838984158	-0.927255433348962
0.9948376736	-2.7227136331	-13.9709902940703	-14.765589463931	-21.7385960099922	0.219725750088399	-0.850748187220928
0.9948376736	-2.6703537556	-12.8455720141552	-13.2038183379293	-23.8594896225614	0.307838877630015	-0.710233148769879
0.9948376736	-2.617993878	-11.9883544376249	-12.1678052278412	-25.9161602441491	0.351711551337348	-0.453484451776779
0.9948376736	-2.5656340004	-11.5442450845244	-11.6769972127153	-26.7578802636141	0.37277805673831	-0.062962043724087
0.9948376736	-2.5132741229	-11.5292624903337	-11.7088888575678	-25.4529083634565	0.385367709645799	0.305220673124466
0.9948376736	-2.4609142453	-11.8915072167347	-12.2412841097099	-23.005153903251	0.402322695590449	0.509679352992057
0.9948376736	-2.4085543678	-12.4822999780813	-13.2280286842739	-20.5018647524148	0.437846075838399	0.583859356998302
0.9948376736	-2.3561944902	-13.0480256216547	-14.5862974557352	-18.301995118062	0.510759657965037	0.590511696819218
0.9948376736	-2.3038346126	-13.3003679239725	-16.1424008990657	-16.4857180467978	0.64488648429879	0.568458909859554
0.9948376736	-2.2514747351	-13.1257595785899	-17.5504755125126	-15.0708707965351	0.86029658014053	0.539836112507854
0.9948376736	-2.1991148575	-12.6680416337875	-18.324087553217	-14.0460797917448	1.14196472721841	0.518339924264997
0.9948376736	-2.14675498	-12.1417255564688	-18.2245683527099	-13.3705619648662	1.43202329543846	0.513075066469544
0.9948376736	-2.0943951024	-11.6642438754762	-17.5440018937507	-12.9616121612514	1.67916465180058	0.530123163173464
0.9948376736	-2.0420352248	-11.2322933632807	-16.6535164276924	-12.7013811460652	1.87619720750888	0.571363415728274
0.9948376736	-1.9896753473	-10.7751687367015	-15.7414605393528	-12.4417322521	2.03362222937606	0.632861461969285
0.9948376736	-1.9373154697	-10.2466375377725	-14.8918432048086	-12.0719516213655	2.16095541793125	0.702704798784732
0.9948376736	-1.8849555922	-9.63719859878998	-14.1129981049508	-11.5537116351618	2.26234903768815	0.766946132720691
0.9948376736	-1.8325957146	-8.99296650048175	-13.4238267964105	-10.9346100645073	2.34325986724799	0.816280223870686
0.9948376736	-1.780235837	-8.36663187309188	-12.8221429841547	-10.2944402285763	2.40913538906072	0.850212206193217
0.9948376736	-1.7278759595	-7.78225959252195	-12.2865302889609	-9.68305929671581	2.46698019342517	0.874340370017236
0.9948376736	-1.6755160819	-7.24556495191359	-11.7958071314452	-9.12132707388664	2.52360334830814	0.89596611328903
0.9948376736	-1.6231562044	-6.73377552647128	-11.326045365193	-8.58700250828686	2.58373524243117	0.919393826092554
0.9948376736	-1.5707963268	-6.22305730099237	-10.8706917242898	-8.04710311981769	2.64933227751145	0.946642105436061
0.9948376736	-1.5184364492	-5.69477234339778	-10.432146916648	-7.47270330522613	2.71972377361534	0.976106169728177
0.9948376736	-1.4660765717	-5.14427473207313	-10.0292635702904	-6.84939776504244	2.79385176023982	1.00513026152664
0.9948376736	-1.4137166941	-4.58579495129252	-9.68194879286585	-6.19292141967353	2.87116146345434	1.03226613637333
0.9948376736	-1.3613568166	-4.02986205272786	-9.39372004689249	-5.52225596729074	2.95336424234725	1.05755302988227
0.9948376736	-1.308996939	-3.48055416620992	-9.14595626448774	-4.85510368887108	3.04280809819785	1.08258784254551
0.9948376736	-1.2566370614	-2.92942566487551	-8.90295135864801	-4.19461851297049	-3.14144139940791	1.10917827996565
0.9948376736	-1.2042771839	-2.36505508634783	-8.62824690262062	-3.53649912943275	-3.03182108277691	1.13772740581649
0.9948376736	-1.1519173063	-1.77385431642357	-8.28596720955318	-2.87103377350357	-2.91193936188698	1.16718371093524
0.9948376736	-1.0995574288	-1.15610766243343	-7.87231578773203	-2.19635921303265	-2.78296684204454	1.1961245366355
0.9948376736	-1.0471975512	-0.527488914736909	-7.39250579690148	-1.52832728422876	-2.64609669141996	1.22355341584802
0.9948376736	-0.9948376736	0.0852838407336773	-6.86647805572264	-0.893352836289048	-2.50183934010309	1.24988693681641
0.9948376736	-0.9424777961	0.656048256456588	-6.29891788051254	-0.321778929783758	-2.35122958070416	1.27792807749971
0.9948376736	-0.8901179185	1.16276384521552	-5.69104948060723	0.159017145222992	-2.19731336421299	1.31062402074052
0.9948376736	-0.837758041	1.59302821418789	-5.05727070174489	0.534765144721667	-2.045011162745	1.35136246289212
0.9948376736	-0.7853981634	1.94784922008497	-4.42238952288626	0.809020844384922	-1.90017629216482	1.40190319807313
0.9948376736	-0.7330382858	2.23195739194016	-3.83277808350454	0.99718276584928	-1.76685034229464	1.4618128263238
0.9948376736	-0.6806784083	2.44090825536851	-3.33742116505851	1.10766469137933	-1.64690821582033	1.52856594392405
0.9948376736	-0.6283185307	2.5870885742644	-2.97073715390517	1.17179566484094	-1.54008767155034	1.59825445763012
0.9948376736	-0.5759586532	2.6603216752348	-2.74765637487068	1.18589109838487	-1.44548488122856	1.66690596330315
0.9948376736	-0.5235987756	2.66583535346424	-2.66538196637366	1.15998536386478	-1.36284511205897	1.73232005407798
0.9948376736	-0.47123889804	2.60767145994895	-2.70527737580293	1.09422767030694	-1.29349070889277	1.7944761404171
0.9948376736	-0.41887902048	2.50286564881419	-2.83904756326965	1.00144077182144	-1.24005675587305	1.85559558456978
0.9948376736	-0.36651914292	2.38556742460407	-3.03665311058204	0.916881078180559	-1.20570008421511	1.91804517647162
0.9948376736	-0.31415926536	2.28418354740013	-3.26110546643238	0.864051150318537	-1.19207396256699	1.98316530971763
0.9948376736	-0.2617993878	2.23041900430592	-3.47455742685452	0.870512101723307	-1.19774216349035	2.04961572876002
0.9948376736	-0.20943951024	2.2407067879798	-3.63950485871991	0.94349641986822	-1.21629662313727	2.11327737457878
0.9948376736	-0.15707963268	2.30908318672021	-3.73098596071387	1.06616621804471	-1.23801558106929	2.16942114828402
0.9948376736	-0.10471975512	2.41313792365129	-3.74838529470789	1.20972681463906	-1.25162623080192	2.21466281892622
0.9948376736	-0.05235987756	2.52739144485535	-3.7028564456869	1.34569651931198	-1.24802866582314	2.24830608237848
0.9948376736	-4.4408920985E-16	2.63666663594534	-3.614177300018	1.46139234681964	-1.22334644901852	2.27261156505875
0.9948376736	0.05235987756	2.7393962379428	-3.49274821802483	1.55829422142567	1.96304596228133	-0.849859262288994
0.9948376736	0.10471975512	2.8398170045911	-3.34654124123089	1.64430571607465	2.02293886552856	-0.830704549881274
0.9948376736	0.15707963268	2.94126250134114	-3.18461681730639	1.72640866822918	2.09151736098523	-0.806498904526722
0.9948376736	0.20943951024	3.034972214252	-3.02388768948842	1.79826364123602	2.16319883945754	-0.773900463460671
0.9948376736	0.2617993878	3.10951905485378	-2.87275977312625	1.84728248221263	2.23492826815399	-0.731294831554904
0.9948376736	0.31415926536	3.14786802562727	-2.7324125017826	1.85068163440539	2.30581049322855	-0.678741637133691
0.9948376736	0.36651914292	3.14025387652361	-2.5855875415879	1.78799388310542	2.37628892271191	-0.617060793479247
0.9948376736	0.41887902048	3.08047476251077	-2.41581740089147	1.64124122246061	2.44624562171923	-0.548156948601847
0.9948376736	0.47123889804	2.98234849052524	-2.20714378597171	1.41637864749321	2.51485335282067	-0.472765915901436
0.9948376736	0.5235987756	2.85194978685345	-1.96385629174629	1.11316342110303	2.58040196103021	-0.393167043226732
0.9948376736	0.5759586532	2.70035970055369	-1.70578594417795	0.744721272404681	2.64081816951052	-0.311765991772553
0.9948376736	0.6283185307	2.51765693792932	-1.46877746616344	0.303852664886223	2.69552889132677	-0.231394763415983
0.9948376736	0.6806784083	2.29742139538	-1.29076507599323	-0.202935182226228	2.74466851453073	-0.153637716970827
0.9948376736	0.7330382858	2.01360709674532	-1.20155364889397	-0.801061805733365	2.78987830307586	-0.0797643993662799
0.9948376736	0.7853981634	1.64586953314469	-1.22272976107618	-1.51091085603744	2.83280191184807	-0.00961650716103135
0.9948376736	0.837758041	1.18242006860739	-1.36379677668577	-2.34755410886234	2.87544320914212	0.0577386106719046
0.9948376736	0.8901179185	0.623178655067824	-1.62384251738402	-3.31376937312402	2.91889621891799	0.12263660400921
0.9948376736	0.9424777961	-0.0211129791545692	-1.99857724030812	-4.38914994548918	2.96355174590954	0.183352260420581
0.9948376736	0.9948376736	-0.738070414849537	-2.48187720340691	-5.54369802943437	3.00935770049753	0.235014811388309
0.9948376736	1.0471975512	-1.51554805872097	-3.06699306740295	-6.73868148629673	3.05542279201315	0.269586323966131
0.9948376736	1.0995574288	-2.34390347154301	-3.74516094467525	-7.93837397902232	3.10068818896077	0.278436694139372
0.9948376736	1.1519173063	-3.2182107734976	-4.51255823170639	-9.10665740204166	-3.13930953719707	0.256687633304456
0.9948376736	1.2042771839	-4.12913484773619	-5.35729143069435	-10.2140570342493	-3.09946255302897	0.206104037950712
0.9948376736	1.2566370614	-5.07205786098009	-6.27344979551164	-11.2399110614551	-3.06417643054871	0.136769626474164
0.9948376736	1.308996939	-6.04715897643874	-7.25244435131047	-12.2028173648938	-3.03444776369126	0.0632881704312567
0.9948376736	1.3613568166	-7.0643215017544	-8.29302318890059	-13.1475762665627	-3.01053478663288	-0.00229440761611188
0.9948376736	1.4137166941	-8.13453198674115	-9.39595143960128	-14.1192343646883	-2.9916816931124	-0.0557690824545434
0.9948376736	1.4660765717	-9.26095479927877	-10.5574773603411	-15.1431429602893	-2.97574550601613	-0.10268355108202
0.9948376736	1.5184364492	-10.4412791692206	-11.7715745317233	-16.2278238979378	-2.95910320563895	-0.156480646489225
0.9948376736	1.5707963268	-11.6547042216895	-13.004967328761	-17.3860168685267	-2.93749166512868	-0.234998004115933
0.9948376736	1.6231562044	-12.8546980625407	-14.1894531024507	-18.62882385717	-2.90757184014236	-0.354972575521976
0.9948376736	1.6755160819	-13.9585798922276	-15.2257992346251	-19.9261190170613	-2.86970660473954	-0.526611304376451
0.9948376736	1.7278759595	-14.8632273747178	-16.0090417996021	-21.2102461343627	-2.82998876918721	-0.749870184278766
0.9948376736	1.780235837	-15.4654363707863	-16.4569970548084	-22.3664380835342	-2.80042971130106	-1.00661522192272
0.9948376736	1.8325957146	-15.7474597541803	-16.5775046928283	-23.342701195911	-2.79151962774856	-1.25926845636405
0.9948376736	1.8849555922	-15.7698083272793	-16.4357095157581	-24.2422507076251	-2.80748511709459	-1.46087879192816
0.9948376736	1.9373154697	-15.6036198773815	-16.1040934035806	-25.2354858547348	-2.8457932408889	-1.56973511764366
0.9948376736	1.9896753473	-15.3040739497411	-15.6615461105845	-26.3270049614004	-2.89996972742185	-1.55383980851278
0.9948376736	2.0420352248	-14.8995905206266	-15.1671354267832	-27.1365524921131	-2.96415419171383	-1.40937893572663
0.9948376736	2.0943951024	-14.4407256466455	-14.677509892723	-27.1928949436961	-3.03464532803599	-1.20712295601096
0.9948376736	2.14675498	-14.011460428466	-14.2487150348544	-26.7552442766285	-3.11046236261474	-1.05202818738588
0.9948376736	2.1991148575	-13.7131415202322	-13.9465313193348	-26.5263382450871	3.09086314632281	-0.980147903733027
0.9948376736	2.2514747351	-13.6391034183314	-13.8456357879769	-26.9699222020195	3.00100465061806	-0.9769773245213
0.9948376736	2.3038346126	-13.8444390534813	-14.0031727611997	-28.2947156795808	2.90082137470212	-1.02944094698303
0.9948376736	2.3561944902	-14.3851701263008	-14.489227078535	-30.6422268171902	2.78752602784074	-1.15025567570445
0.9948376736	2.4085543678	-15.2986227764771	-15.3564751037891	-34.0821515962355	2.65792516970984	-1.42323230818468
0.9948376736	2.4609142453	-16.615714758692	-16.6551635740135	-37.0529276935218	2.50745384368146	-2.0738891989812
0.9948376736	2.5132741229	-18.3287591733403	-18.4271675257208	-34.8253939455261	2.32852051438073	-2.81935407845744
0.9948376736	2.5656340004	-20.2655590491978	-20.6699625448548	-30.7758859728536	2.10982647496104	3.13575247092028
0.9948376736	2.617993878	-21.8663586250127	-23.2684138463109	-27.4587348150438	1.83658839815555	2.99564357735013
0.9948376736	2.6703537556	-22.3480466825438	-25.8588774508352	-24.909587347654	1.50823057169369	2.90805328281193
0.9948376736	2.7227136331	-21.8129055268851	-27.9099632224206	-23.0371031887854	1.18705850991988	2.82823094149597
0.9948376736	2.7750735107	-21.0653183840153	-29.2414945417942	-21.7823263352162	1.00875670718341	2.7403604146933
0.9948376736	2.8274333882	-20.5193603055911	-29.7384583510513	-21.0730479092553	1.08244545579295	2.63760434777883
0.9948376736	2.8797932658	-20.1169564453363	-28.5592287304263	-20.7878773932426	1.34371236825929	2.51707908896032
0.9948376736	2.9321531434	-19.5852998861561	-25.9255646537953	-20.7331554844721	1.56911067062194	2.38227953778227
0.9948376736	2.9845130209	-18.7482076199173	-23.2127415147228	-20.6709825050611	1.6877215591748	2.24712318254551
0.9948376736	3.0368728985	-17.7032989804947	-21.0462284844624	-20.4046432911523	1.74436421490608	2.13549259984713
0.9948376736	3.089232776	-16.6768724571078	-19.5066632478009	-19.8755108096331	1.77708579975264	2.06760189763157
0.9948376736	3.1415926536	-15.8292090659415	-18.5487699876367	-19.1511170510087	1.80711470735396	2.04498907049969
1.0471975512	-3.1415926536	-15.8289185517664	-18.9835051457218	-18.6995717983446	-1.34653114140976	-1.10930488466617
1.0471975512	-3.089232776	-15.3014241144213	-18.5990168681183	-18.0422626770898	-1.30575345597004	-1.08865676617183
1.0471975512	-3.0368728985	-15.0245844450298	-18.6946521639558	-17.4622542769885	-1.24224314245246	-1.05336352699546
1.0471975512	-2.9845130209	-15.0417729063844	-19.2522931938543	-17.1127423723718	-1.13082676541612	-1.01168005311401
1.0471975512	-2.9321531434	-15.3422938748179	-20.1224338999671	-17.0987495988202	-0.929830722254942	-0.964939177918543
1.0471975512	-2.8797932658	-15.7915385243435	-20.6894702471336	-17.4904516233718	-0.596259924563965	-0.908807107003746
1.0471975512	-2.8274333882	-16.0051372579895	-19.8885562168686	-18.2888112646398	-0.187288632037234	-0.837798116589459
1.0471975512	-2.7750735107	-15.5415830679175	-17.7930310726774	-19.4720067322313	0.132397766506609	-0.744664205838179
1.0471975512	-2.7227136331	-14.4341755671396	-15.52152596173	-20.9806612269712	0.315481278737714	-0.622474906708547
1.0471975512	-2.6703537556	-13.1654819018572	-13.6742604750898	-22.7299429665002	0.40735753661585	-0.460891950660626
1.0471975512	-2.617993878	-12.1219586195398	-12.3779138061049	-24.5455114615886	0.44858458072273	-0.239043656537861
1.0471975512	-2.5656340004	-11.4685579009052	-11.6273019148542	-25.9185576800238	0.463818147614617	0.0691386869397418
1.0471975512	-2.5132741229	-11.2274549070132	-11.3775006331421	-25.9178685904098	0.468287951507548	0.427576249362774
1.0471975512	-2.4609142453	-11.3610940318733	-11.585581385508	-24.3387785386711	0.472474427149639	0.702102109434163
1.0471975512	-2.4085543678	-11.7623363011629	-12.1847943609702	-22.0918603099013	0.487110639279143	0.834359186067239
1.0471975512	-2.3561944902	-12.2790037167827	-13.1070252892672	-19.883865183899	0.522735963996353	0.867681857385733
1.0471975512	-2.3038346126	-12.7197121949356	-14.2560732736914	-17.9781804770416	0.590722725444852	0.853747751718595
1.0471975512	-2.2514747351	-12.9415486431038	-15.5003038719133	-16.4558478573482	0.702746658353289	0.826316515032732
1.0471975512	-2.1991148575	-12.9348881143189	-16.6783769486488	-15.3180840096122	0.863287398706876	0.804372766869331
1.0471975512	-2.14675498	-12.7936272498886	-17.6182630650787	-14.5280726405092	1.07008454463487	0.800086397021905
1.0471975512	-2.0943951024	-12.5850884265129	-18.1841455794496	-13.9846006510782	1.31050750013729	0.82042808893671
1.0471975512	-2.0420352248	-12.2952886007206	-18.3154431076373	-13.544824445743	1.56430053662763	0.865523153173661
1.0471975512	-1.9896753473	-11.8536395257761	-18.0119310811053	-13.058082987419	1.80798104454184	0.928014692395988
1.0471975512	-1.9373154697	-11.233045606382	-17.3805749618252	-12.4409343654468	2.01975664102601	0.993016415248303
1.0471975512	-1.8849555922	-10.4740327939612	-16.589927649827	-11.6921142503872	2.18871430029821	1.04731320072818
1.0471975512	-1.8325957146	-9.67163727626095	-15.7917520663669	-10.8883533792298	2.31698183778331	1.08458912482036
1.0471975512	-1.780235837	-8.90483866900228	-15.0644578049612	-10.1088579132145	2.41471508067333	1.10772150446352
1.0471975512	-1.7278759595	-8.21004211056039	-14.4294416088649	-9.39513502929172	2.49440541129944	1.12363801190253
1.0471975512	-1.6755160819	-7.58728484922471	-13.8804260989914	-8.74949774706083	2.56784931893819	1.13850331934466
1.0471975512	-1.6231562044	-7.00673147008949	-13.3791396787585	-8.14490961014929	2.64183627346289	1.15651387120293
1.0471975512	-1.5707963268	-6.43939140692513	-12.9156377191354	-7.54693443133559	2.72148187103127	1.17811430658031
1.0471975512	-1.5184364492	-5.85869091452485	-12.4842992371923	-6.92379160288908	2.80710298882095	1.20186991557318
1.0471975512	-1.4660765717	-5.26421167720052	-12.1009310815638	-6.27241404477312	2.89872395778202	1.22462860792457
1.0471975512	-1.4137166941	-4.66440057409897	-11.7782271517321	-5.60301558159022	2.99711616671245	1.24542916222858
1.0471975512	-1.3613568166	-4.07632960041533	-11.5092977224093	-4.94133791792526	3.10399366232838	1.26507703605183
1.0471975512	-1.308996939	-3.50569654756058	-11.2682835629309	-4.30130402261099	-3.06195234759501	1.28485599044606
1.0471975512	-1.2566370614	-2.94526843253266	-11.0026823682562	-3.68394324635859	-2.93396482082502	1.30639399600071
1.0471975512	-1.2042771839	-2.38406276754442	-10.6596660071338	-3.08346129136649	-2.79730186295852	1.32972631484744
1.0471975512	-1.1519173063	-1.80915086912413	-10.2181357097866	-2.48565767667506	-2.65575551123237	1.35368692879858
1.0471975512	-1.0995574288	-1.22112502375939	-9.67956609314962	-1.88935072029404	-2.51198966185076	1.37666728521275
1.0471975512	-1.0471975512	-0.631713774016141	-9.07037717927445	-1.30323790326918	-2.36764668559426	1.39762504740691
1.0471975512	-0.9948376736	-0.0615437819038858	-8.41046701652218	-0.748256832148525	-2.22209250192584	1.41749233676375
1.0471975512	-0.9424777961	0.46632254113504	-7.70940731746972	-0.250765529077505	-2.07562972287387	1.43887055479551
1.0471975512	-0.8901179185	0.935554035379701	-6.97605244102343	0.169299182797707	-1.93082124819825	1.46517507749932
1.0471975512	-0.837758041	1.33271694478911	-6.22834582178491	0.495439193435878	-1.79282021629861	1.4993933000262
1.0471975512	-0.7853981634	1.66089256848388	-5.50962260267995	0.735843962990295	-1.66590537047953	1.5433767314517
1.0471975512	-0.7330382858	1.91496634872285	-4.87200457103908	0.893669976618618	-1.55309750895962	1.59652169682503
1.0471975512	-0.6806784083	2.11590926903235	-4.3595315363878	1.00813222576493	-1.45472306337927	1.65595182510922
1.0471975512	-0.6283185307	2.25258718565761	-4.00065376978234	1.07805755566294	-1.36973276786844	1.71741515709386
1.0471975512	-0.5759586532	2.3228146003237	-3.80293025797421	1.10791736612735	-1.29702970329832	1.77690983942549
1.0471975512	-0.5235987756	2.33275338416945	-3.75152419002569	1.10438610108019	-1.23638206693318	1.83222123134578
1.0471975512	-0.47123889804	2.2947478530959	-3.81713723218316	1.07536741316164	-1.18948305162451	1.88324261150491
1.0471975512	-0.41887902048	2.22342870475799	-3.9664793405975	1.02904172459583	-1.15920854312004	1.93233247802809
1.0471975512	-0.36651914292	2.14678715604351	-4.15833895268672	0.988245030422702	-1.14837660475654	1.98221540783326
1.0471975512	-0.31415926536	2.09394544649773	-4.35393991933116	0.978129045133602	-1.15766747106118	2.03452381830679
1.0471975512	-0.2617993878	2.09921602057135	-4.51375798609692	1.03059722772008	-1.18407634896117	2.08765116030275
1.0471975512	-0.20943951024	2.16250665985883	-4.60797562431561	1.13682840216955	-1.22012290261655	2.13872325154493
1.0471975512	-0.15707963268	2.27337477057343	-4.62736811804966	1.28174770048857	-1.25464855668372	2.18347315014602
1.0471975512	-0.10471975512	2.40511616974577	-4.58911322905867	1.43714764082232	-1.27688640628468	2.21900960881103
1.0471975512	-0.05235987756	2.53061893012737	-4.51425164977629	1.57520261646879	-1.27930730930828	2.24478170343104
1.0471975512	-4.4408920985E-16	2.63681912257446	-4.42311752418828	1.68510208207528	-1.25909648354403	2.26269780189972
1.0471975512	0.05235987756	2.7213914038504	-4.32401647526316	1.76610729197117	1.92319360778932	-0.864993469260847
1.0471975512	0.10471975512	2.79247977907607	-4.22041076324487	1.82915797638045	1.97901803385561	-0.850632671855238
1.0471975512	0.15707963268	2.85484093879959	-4.11783506525543	1.88147435138	2.04313748108685	-0.831421272521496
1.0471975512	0.20943951024	2.90699909187786	-4.02833220156846	1.92419975536999	2.11053407394575	-0.804437023690408
1.0471975512	0.2617993878	2.93989827018829	-3.95778275812783	1.94748548305206	2.17826617774033	-0.7683318852722
1.0471975512	0.31415926536	2.94129896787612	-3.90080806697178	1.93450331623678	2.24517021147614	-0.723219414043407
1.0471975512	0.36651914292	2.90158705486654	-3.83816945994609	1.86768692754057	2.31195995826467	-0.669941968439339
1.0471975512	0.41887902048	2.8179861601595	-3.73899548289694	1.73361727250552	2.37849037493491	-0.60958523368674
1.0471975512	0.47123889804	2.70103779616146	-3.58427456443476	1.53641987629654	2.44337245186434	-0.54271863291995
1.0471975512	0.5235987756	2.55213719343533	-3.36831792710034	1.26884840283006	2.50439914928389	-0.471530866498942
1.0471975512	0.5759586532	2.38825080300899	-3.11438906390175	0.951508808565993	2.55918725822376	-0.396983449319289
1.0471975512	0.6283185307	2.20102739907508	-2.85999841023239	0.578077538205463	2.60708487794089	-0.321661788468045
1.0471975512	0.6806784083	1.97557623773614	-2.64575809244033	0.137739173908623	2.64858812312018	-0.247198772480264
1.0471975512	0.7330382858	1.69214179538062	-2.50759092415941	-0.385432143061156	2.68564500287606	-0.17430886692361
1.0471975512	0.7853981634	1.32768721100257	-2.46486787862429	-1.01998441178038	2.72030716022132	-0.102891436946373
1.0471975512	0.837758041	0.869138296341249	-2.52760940588913	-1.78630887413427	2.75447832556596	-0.0318437231559126
1.0471975512	0.8901179185	0.319304046393821	-2.69447589205192	-2.68751871470109	2.78947780508603	0.0397036595154859
1.0471975512	0.9424777961	-0.308370269357192	-2.9623874182235	-3.70681476509335	2.82553498490804	0.111027801730188
1.0471975512	0.9948376736	-0.992258835188031	-3.32157181050167	-4.81054947319845	2.86240707986863	0.178592963467593
1.0471975512	1.0471975512	-1.7187951872146	-3.76935573747152	-5.96292600016619	2.89923424612294	0.235823177906246
1.0471975512	1.0995574288	-2.47899644712671	-4.29975072077522	-7.13294391538474	2.93505963760001	0.275583038584714
1.0471975512	1.1519173063	-3.270532260515	-4.90641529900379	-8.30314977610665	2.96912679215184	0.29180559330301
1.0471975512	1.2042771839	-4.09257818942234	-5.58145456667625	-9.46502612962701	3.00045925693392	0.285532943453458
1.0471975512	1.2566370614	-4.94107869166381	-6.31193520128575	-10.6164153215124	3.02815583625885	0.263456204607073
1.0471975512	1.308996939	-5.81526595618568	-7.08936595730564	-11.7625606584476	3.05103924575976	0.237556429333838
1.0471975512	1.3613568166	-6.71193464031284	-7.90282786073439	-12.9128980355688	3.06812610994044	0.219556321671928
1.0471975512	1.4137166941	-7.63473228662088	-8.75132998587084	-14.0799517075003	3.07885949126774	0.21609581201361
1.0471975512	1.4660765717	-8.5820890734938	-9.63357968272726	-15.2570211302771	3.0836557439978	0.224775690893087
1.0471975512	1.5184364492	-9.55333610752627	-10.5392471052945	-16.476435943251	3.08402236438873	0.235182045823687
1.0471975512	1.5707963268	-10.545137760043	-11.4512365766831	-17.7964006001319	3.0822837812115	0.232858945912812
1.0471975512	1.6231562044	-11.5439538925727	-12.3327218611295	-19.3407209522868	3.08066525434305	0.206212064031099
1.0471975512	1.6755160819	-12.4973413928158	-13.1193114730707	-21.2447637961875	3.08005520570441	0.149666038966006
1.0471975512	1.7278759595	-13.3282377784582	-13.7520872503212	-23.6441657354713	3.07891254378401	0.0639219426471215
1.0471975512	1.780235837	-13.9396268137617	-14.1790912951813	-26.6442409666149	3.07339090268882	-0.0444104437437348
1.0471975512	1.8325957146	-14.2782294866107	-14.390873384966	-30.1951960930015	3.05924379321258	-0.156949906823313
1.0471975512	1.8849555922	-14.3700721427144	-14.4206559573408	-33.7330668418454	3.0342816065682	-0.222084966937757
1.0471975512	1.9373154697	-14.2990240506559	-14.3320234949533	-35.508290172927	2.99921693920077	-0.170088894649648
1.0471975512	1.9896753473	-14.1408485373425	-14.1850613937482	-34.0852935868199	2.95694920908595	-0.0942295129574825
1.0471975512	2.0420352248	-13.9667816042445	-14.0494841356929	-31.2107223311854	2.91008638106216	-0.113921000814139
1.0471975512	2.0943951024	-13.8184799529563	-13.9623198603778	-28.689250571563	2.85998223299845	-0.188835904300515
1.0471975512	2.14675498	-13.7721582913934	-13.9789568372565	-27.0975155808566	2.80520100315309	-0.277491103423415
1.0471975512	2.1991148575	-13.8947000128314	-14.1362470195354	-26.5627402760367	2.74269731090653	-0.366195672124419
1.0471975512	2.2514747351	-14.2636455140621	-14.4930432596491	-27.1497911824648	2.6672220704984	-0.454887537783775
1.0471975512	2.3038346126	-14.9296663121413	-15.1017729776146	-29.0353016741811	2.57296955162228	-0.554639791725307
1.0471975512	2.3561944902	-15.935916096885	-16.027578475532	-32.7375985595699	2.4521221650505	-0.710553594864561
1.0471975512	2.4085543678	-17.2855215424607	-17.3111601347886	-39.5872358769303	2.29477574926268	-1.21448108217234
1.0471975512	2.4609142453	-18.9175141044107	-18.9595930431587	-39.0757319175452	2.08568415585653	-2.74280418830001
1.0471975512	2.5132741229	-20.5694102871149	-20.8615711833986	-32.4362940639344	1.80664195675887	3.11522522979863
1.0471975512	2.5656340004	-21.6653446278571	-22.6817118220253	-28.4709587390465	1.44979905424935	3.00531729025758
1.0471975512	2.617993878	-21.7517779767931	-23.9645783902707	-25.7397226755263	1.05495893100632	2.94514646739959
1.0471975512	2.6703537556	-21.1703646271282	-24.6941443984012	-23.7215266391598	0.712741479516708	2.88269084875782
1.0471975512	2.7227136331	-20.5331456134799	-25.4138972474025	-22.2403075967697	0.493095029683369	2.80306102070293
1.0471975512	2.7750735107	-20.1210431968015	-26.6080683927847	-21.2254600820198	0.435411957329954	2.70349069472118
1.0471975512	2.8274333882	-19.9069283327322	-28.1433406945345	-20.6132113139092	0.604930922761888	2.5852342888134
1.0471975512	2.8797932658	-19.6785964127113	-28.4075638738559	-20.3034151027018	1.0246430051167	2.45278114499524
1.0471975512	2.9321531434	-19.2012100613794	-26.238906074328	-20.1583936226496	1.41922913092782	2.31535237809717
1.0471975512	2.9845130209	-18.4146110062069	-23.5243363128558	-20.0156737093913	1.62201351308623	2.18908930899762
1.0471975512	3.0368728985	-17.4738893161105	-21.3712604189379	-19.7479363975585	1.71332267797894	2.09347272656045
1.0471975512	3.089232776	-16.5728032235489	-19.8840214103303	-19.301691009654	1.76029640890569	2.04162440482951
1.0471975512	3.1415926536	-15.8289185517664	-18.9835051457218	-18.6995717983446	1.79506151218003	2.03228776892363
1.0995574288	-3.1415926536	-15.8288668853655	-19.4647948963693	-18.2924201364203	-1.35993939897117	-1.12066934521115
1.0995574288	-3.089232776	-15.3666131627277	-19.1152114805702	-17.746077367141	-1.32148053307265	-1.08948380241735
1.0995574288	-3.0368728985	-15.1286992569094	-19.2499020441245	-17.2551602438271	-1.26616045352545	-1.04156734094251
1.0995574288	-2.9845130209	-15.1715337438189	-19.8912093750613	-16.9584459637702	-1.16985956302503	-0.98287187761375
1.0995574288	-2.9321531434	-15.5174800610692	-20.989219295294	-16.9663988290325	-0.98789096076991	-0.911695298206403
1.0995574288	-2.8797932658	-16.0590236760075	-22.0404216734624	-17.3215573790091	-0.650659940832588	-0.822549028351736
1.0995574288	-2.8274333882	-16.4307985725303	-21.5883216886489	-18.01072168248	-0.178156746860621	-0.7089540619295
1.0995574288	-2.7750735107	-16.1044705651459	-19.2759407518187	-18.9593680429139	0.205785688707333	-0.568613832660472
1.0995574288	-2.7227136331	-15.0054257583877	-16.6175072347197	-20.090535075461	0.41303111179601	-0.40595325239432
1.0995574288	-2.6703537556	-13.646148554875	-14.4479016255584	-21.378296467426	0.508738677026694	-0.227923219931141
1.0995574288	-2.617993878	-12.4657036775122	-12.8834086891567	-22.8420286103885	0.546919783981357	-0.0306731437354343
1.0995574288	-2.5656340004	-11.6392488380117	-11.877362468846	-24.3677622391514	0.556643758947686	0.213252825055364
1.0995574288	-2.5132741229	-11.1963889794184	-11.3667444985606	-25.3455693419005	0.55381299188877	0.532803048430947
1.0995574288	-2.4609142453	-11.0891203110053	-11.2756017869155	-24.8535135512787	0.549087631411662	0.86399074438163
1.0995574288	-2.4085543678	-11.2426514953838	-11.5369011842085	-23.0796286769789	0.550517587638632	1.07794596075323
1.0995574288	-2.3561944902	-11.5474119588786	-12.0734884948065	-20.9751491152301	0.564727701759911	1.16016044134408
1.0995574288	-2.3038346126	-11.8835378072714	-12.8068378899759	-19.0614264838878	0.597089967201484	1.16812026096164
1.0995574288	-2.2514747351	-12.1728206452553	-13.6778230531008	-17.5060837642615	0.651131570104401	1.14937947997389
1.0995574288	-2.1991148575	-12.3869737509104	-14.6304379731276	-16.3291760325808	0.728969565857303	1.13294188214552
1.0995574288	-2.14675498	-12.5467609880034	-15.6464242243689	-15.4694994499258	0.831677291323104	1.13465327071404
1.0995574288	-2.0943951024	-12.6483598420842	-16.7131667898576	-14.8108284863952	0.963605504056591	1.16106388121116
1.0995574288	-2.0420352248	-12.6239529793504	-17.7890896241881	-14.2005396860314	1.13260015861874	1.20972052656981
1.0995574288	-1.9896753473	-12.3654806003867	-18.7369933522159	-13.5039270770026	1.34439929740746	1.26891112454708
1.0995574288	-1.9373154697	-11.8182654468353	-19.305785755639	-12.671342273321	1.59025831961577	1.32293860015564
1.0995574288	-1.8849555922	-11.0512069399369	-19.3564563718398	-11.7454459475375	1.83690177452108	1.36123129664283
1.0995574288	-1.8325957146	-10.2009273661341	-18.9794467793989	-10.8181289546962	2.04864009250347	1.3822253695986
1.0995574288	-1.780235837	-9.38000258587855	-18.4297031724616	-9.95724287066454	2.21461458396273	1.39160706258406
1.0995574288	-1.7278759595	-8.64174341239091	-17.883152193763	-9.19240614727224	2.34555423677209	1.39679849473937
1.0995574288	-1.6755160819	-7.9848359984997	-17.4053365107613	-8.5118453153872	2.45891626725157	1.40373788660882
1.0995574288	-1.6231562044	-7.37888757479489	-16.9948268195564	-7.88131041357249	2.56907338404847	1.415057502299
1.0995574288	-1.5707963268	-6.78540966216992	-16.6297443410221	-7.26063022589745	2.68492311423479	1.43016511136071
1.0995574288	-1.5184364492	-6.17768290473387	-16.2887582742729	-6.62308965414444	2.81088981496847	1.44659555036039
1.0995574288	-1.4660765717	-5.55297677716321	-15.9798514954227	-5.96561096266978	2.94833281795108	1.46199142343104
1.0995574288	-1.4137166941	-4.92002513722051	-15.6900941925108	-5.29989282802512	3.09939955076309	1.47565177102047
1.0995574288	-1.3613568166	-4.29822769254643	-15.3907286838564	-4.64978278963109	-3.01757327028985	1.48856572570881
1.0995574288	-1.308996939	-3.69451312821959	-15.0139609293168	-4.02746445174538	-2.83756539092796	1.50252014999334
1.0995574288	-1.2566370614	-3.1100350507062	-14.4898652769384	-3.43821101012827	-2.65052798950899	1.51864194336313
1.0995574288	-1.2042771839	-2.53547588674142	-13.7897074016685	-2.87366602723275	-2.46746293325203	1.53668225067865
1.0995574288	-1.1519173063	-1.96073579117114	-12.9494877865849	-2.32115285492923	-2.29743865648554	1.55504116365548
1.0995574288	-1.0995574288	-1.38666387929826	-12.0341651380823	-1.77790961971689	-2.14261408116058	1.57178282792071
1.0995574288	-1.0471975512	-0.823756567406575	-11.1004373552301	-1.25164962345009	-2.0002458743956	1.58598517819731
1.0995574288	-0.9948376736	-0.287236878540869	-10.1721776860664	-0.757786356139187	-1.86611506831139	1.59859180703126
1.0995574288	-0.9424777961	0.205697583380444	-9.24647562305674	-0.317242152285955	-1.7375943048707	1.61242076918065
1.0995574288	-0.8901179185	0.639090310141509	-8.33161793207287	0.0505035289982832	-1.61616746350788	1.63115122417534
1.0995574288	-0.837758041	1.01558632523579	-7.45030571293949	0.348598731783724	-1.50505942326448	1.65794245549419
1.0995574288	-0.7853981634	1.3199130845365	-6.64870460994873	0.564573435547003	-1.40707560984869	1.6945236773251
1.0995574288	-0.7330382858	1.56964912276087	-5.97331182021132	0.728512661290496	-1.32321249682283	1.73978479433368
1.0995574288	-0.6806784083	1.76046680482261	-5.4633032813686	0.847964784365121	-1.25278261521877	1.79069498948654
1.0995574288	-0.6283185307	1.89604794522283	-5.13317452679359	0.936772478636816	-1.19431378621299	1.84256013785565
1.0995574288	-0.5759586532	1.97213176691946	-4.97889731855646	0.993309853916007	-1.14682618390222	1.89147506051046
1.0995574288	-0.5235987756	1.99560962751201	-4.97394950654499	1.02145964153209	-1.11119247283933	1.93504035331215
1.0995574288	-0.47123889804	1.9830785108884	-5.07798575210169	1.03163769932191	-1.08949406297909	1.97356595268235
1.0995574288	-0.41887902048	1.94142209526047	-5.2482245104107	1.02090265516043	-1.08472474775698	2.00994798962322
1.0995574288	-0.36651914292	1.91420080123109	-5.43409344006149	1.03030656961505	-1.09945719915749	2.04635994383685
1.0995574288	-0.31415926536	1.91978400536747	-5.58961500392138	1.0714413828728	-1.13353681644801	2.08498666189031
1.0995574288	-0.2617993878	1.97980808919362	-5.67800283030096	1.16282680893876	-1.18150697119534	2.12504715507873
1.0995574288	-0.20943951024	2.09399988646043	-5.68474452388073	1.30163359550382	-1.23450289052462	2.16369336269086
1.0995574288	-0.15707963268	2.24421559180868	-5.62276784441183	1.4692973035473	-1.28094985315594	2.19742606068003
1.0995574288	-0.10471975512	2.40011054555785	-5.52167423991269	1.63581694583376	-1.31106972289679	2.22360810763762
1.0995574288	-0.05235987756	2.53535153975727	-5.41760096983212	1.77702966637578	-1.31866749388574	2.24166797443748
1.0995574288	-4.4408920985E-16	2.63665443270827	-5.32555366026793	1.88009611776953	-1.30266598268625	2.25333556313742
1.0995574288	0.05235987756	2.70393893965235	-5.25141228999608	1.9460745479416	1.87570138872856	-0.879752416483051
1.0995574288	0.10471975512	2.74605364459377	-5.19217823995695	1.98491766734054	1.9275667974551	-0.87029159151753
1.0995574288	0.15707963268	2.77004361684043	-5.15173963601068	2.00574972220919	1.98756913230531	-0.856237732179577
1.0995574288	0.20943951024	2.77889178348949	-5.14044631753904	2.01412723384366	2.05077098273032	-0.834933705222387
1.0995574288	0.2617993878	2.76862369228698	-5.16032785416688	2.00570776708781	2.11432235972824	-0.805494289869418
1.0995574288	0.31415926536	2.72867382827127	-5.20499404279114	1.96666304998243	2.17783802403968	-0.767974786783734
1.0995574288	0.36651914292	2.65333124539854	-5.24814650048868	1.88511924222729	2.24156509759801	-0.723206570870744
1.0995574288	0.41887902048	2.54025809827206	-5.24783607073074	1.74976077474571	2.30532505132269	-0.671906447235858
1.0995574288	0.47123889804	2.39457608779662	-5.17566515097271	1.55924744304907	2.36735787003022	-0.614683052009154
1.0995574288	0.5235987756	2.22690959287632	-5.01768788481308	1.31926296475457	2.424539496125	-0.552397916160586
1.0995574288	0.5759586532	2.04336773362196	-4.79533934082739	1.03568460499114	2.47387723955566	-0.486156333650363
1.0995574288	0.6283185307	1.84103264571175	-4.54974561857378	0.708343525553164	2.51457154500688	-0.417672204219668
1.0995574288	0.6806784083	1.60631141842018	-4.32563065328159	0.326964629502133	2.5474747474385	-0.348614673622336
1.0995574288	0.7330382858	1.31401769272363	-4.16045540129442	-0.133818885542887	2.57495009273634	-0.279862001513166
1.0995574288	0.7853981634	0.939012785922696	-4.07772952457548	-0.704151468469091	2.5995550855814	-0.211411441496962
1.0995574288	0.837758041	0.469038947195648	-4.08361751921238	-1.40541954288709	2.62381605407172	-0.142379207352531
1.0995574288	0.8901179185	-0.094188985485501	-4.17771347272949	-2.24462176074625	2.64871405297991	-0.0714347801042892
1.0995574288	0.9424777961	-0.730585875964774	-4.3534367892236	-3.20414899408835	2.67484452178312	0.00128893633038906
1.0995574288	0.9948376736	-1.41378758522921	-4.60547180798738	-4.24997610189244	2.70150588171684	0.0735504315424701
1.0995574288	1.0471975512	-2.11938686507636	-4.93151683146562	-5.33733352143421	2.7279901256684	0.140370213506695
1.0995574288	1.0995574288	-2.83533389590168	-5.33066793372107	-6.42998108135941	2.7536081246959	0.195442536271184
1.0995574288	1.1519173063	-3.56411184917792	-5.80205438650091	-7.51449181548864	2.77789141522407	0.234205326705512
1.0995574288	1.2042771839	-4.30685042066023	-6.33582546066982	-8.58698916901124	2.80049390230133	0.256698588666065
1.0995574288	1.2566370614	-5.06763613702773	-6.9218715158965	-9.65801192884859	2.82061388988888	0.268974487477874
1.0995574288	1.308996939	-5.84611708833075	-7.54844382596216	-10.7369269649023	2.83741326555157	0.28113666718009
1.0995574288	1.3613568166	-6.63077144405009	-8.20031659334568	-11.8120398648281	2.84902792507064	0.302875559478284
1.0995574288	1.4137166941	-7.41853690130005	-8.87437051096237	-12.8728641738029	2.85402057698976	0.33958316092394
1.0995574288	1.4660765717	-8.19763959741503	-9.5644137319185	-13.8839945592899	2.85151862314824	0.387715361409206
1.0995574288	1.5184364492	-8.97779073938792	-10.2741092545978	-14.8605654893286	2.84138288293814	0.437312512689674
1.0995574288	1.5707963268	-9.7633432037578	-10.9859499331151	-15.8652903690986	2.82539834502887	0.476983833249734
1.0995574288	1.6231562044	-10.5619535969154	-11.6842316711639	-16.9878538295544	2.80533452621227	0.500520268100129
1.0995574288	1.6755160819	-11.350621849187	-12.3213348035977	-18.3338765780519	2.7833731621853	0.512173627888376
1.0995574288	1.7278759595	-12.0775253426674	-12.8541667821385	-19.9356982263095	2.76014828146895	0.52312291784022
1.0995574288	1.780235837	-12.6694521463158	-13.2451444207921	-21.7300581539658	2.73501761872152	0.549440318421454
1.0995574288	1.8325957146	-13.0695040911877	-13.4838360697041	-23.479381750623	2.70633497626479	0.600050210986341
1.0995574288	1.8849555922	-13.2815551299544	-13.5991532180008	-24.798450793814	2.67272270095449	0.655663817860664
1.0995574288	1.9373154697	-13.3643695962265	-13.6435650907541	-25.4219785641073	2.63426053662576	0.66418677615915
1.0995574288	1.9896753473	-13.4095841633941	-13.6924626990395	-25.4120988969502	2.59130043179373	0.587382004494766
1.0995574288	2.0420352248	-13.4858686515325	-13.803899150016	-24.9970689773377	2.54475635971105	0.439795256226491
1.0995574288	2.0943951024	-13.6524436342628	-14.0272503186936	-24.4782691164197	2.49457220331795	0.267603288136285
1.0995574288	2.14675498	-13.9765081213806	-14.4085196842898	-24.213612867624	2.43837944079017	0.108639192955411
1.0995574288	2.1991148575	-14.5161726001352	-14.9711191971465	-24.5398992312545	2.37006600258884	-0.021116968093637
1.0995574288	2.2514747351	-15.3400617931018	-15.7520818347572	-25.7731029320966	2.28241561734675	-0.11922434603652
1.0995574288	2.3038346126	-16.4781739835592	-16.7706784397391	-28.3401236274772	2.16220287175381	-0.18763619255826
1.0995574288	2.3561944902	-17.8995771927006	-18.0251674494762	-33.3505046244113	1.99310539350454	-0.22909606510918
1.0995574288	2.4085543678	-19.4148076801966	-19.4191752119604	-49.3924736544027	1.75535138082001	-0.258152170611319
1.0995574288	2.4609142453	-20.5843652527526	-20.6856618865318	-36.9568081036964	1.43751539393455	2.90792452526197
1.0995574288	2.5132741229	-20.8868198622941	-21.4085146477995	-30.3487345397825	1.06563969521109	2.91917825700312
1.0995574288	2.5656340004	-20.3988485102695	-21.4988287192018	-26.9012307652544	0.711217062809353	2.92566060146372
1.0995574288	2.617993878	-19.688340422171	-21.3748245424421	-24.612349414522	0.430844994734379	2.90993717732155
1.0995574288	2.6703537556	-19.1757832848824	-21.5349957172632	-22.9522931719957	0.236932765980772	2.86147912536537
1.0995574288	2.7227136331	-18.9966816434343	-22.3026281347162	-21.7301848539109	0.128545926011621	2.77826539871649
1.0995574288	2.7750735107	-19.092874816257	-23.8643805175374	-20.8536408371922	0.124823356784178	2.66526437008555
1.0995574288	2.8274333882	-19.2632845591487	-26.1579682928363	-20.2564671694495	0.295660586830876	2.53159235275664
1.0995574288	2.8797932658	-19.2280044994904	-27.8531588067006	-19.869110621755	0.747667044757549	2.38928574723546
1.0995574288	2.9321531434	-18.8093196775127	-26.5414699718493	-19.6110722652896	1.27248475173226	2.25228726204522
1.0995574288	2.9845130209	-18.0787597409249	-23.9055732615831	-19.3947129463269	1.55777730779452	2.13639529172344
1.0995574288	3.0368728985	-17.2443769637797	-21.7630702859345	-19.1372775011825	1.68256963906613	2.05590682144643
1.0995574288	3.089232776	-16.4677362152708	-20.3171882392252	-18.7750674382659	1.742884960277	2.01844157380504
1.0995574288	3.1415926536	-15.8288668853655	-19.4647948963693	-18.2924201364203	1.78165325461862	2.02092330837865
1.1519173063	-3.1415926536	-15.8276874612471	-19.9947420976919	-17.9254303679002	-1.37506674507373	-1.13110046329621
1.1519173063	-3.089232776	-15.4346396725846	-19.6714976474385	-17.4895949336633	-1.33997029890219	-1.09039985645854
1.1519173063	-3.0368728985	-15.2400593322134	-19.83523316528	-17.0917415254595	-1.29523270949841	-1.03105171103037
1.1519173063	-2.9845130209	-15.3048839952243	-20.5320666059147	-16.8545915661416	-1.21969092345748	-0.956762363716301
1.1519173063	-2.9321531434	-15.6867609202309	-21.8432015077689	-16.8917961290457	-1.07031483708102	-0.862253464194949
1.1519173063	-2.8797932658	-16.3034936322953	-23.5144530083829	-17.2189964532378	-0.755932585455195	-0.74015438749207
1.1519173063	-2.8274333882	-16.8130521734439	-23.8268448947895	-17.7761499598793	-0.21384946021939	-0.584975334529816
1.1519173063	-2.7750735107	-16.6381489966446	-21.3348388462137	-18.4368080264878	0.271652200469456	-0.401447837058242
1.1519173063	-2.7227136331	-15.6216455658094	-18.181851573557	-19.1341376361238	0.514890368493969	-0.208046298802669
1.1519173063	-2.6703537556	-14.2584634054122	-15.6281052978154	-19.9370742855911	0.615133542200612	-0.0231934581954777
1.1519173063	-2.617993878	-13.0219226843268	-13.7715745727979	-21.0206050106701	0.648968726954908	0.152649322820772
1.1519173063	-2.5656340004	-12.0944872456509	-12.5134652120966	-22.4582234536844	0.652708515031667	0.347773220766
1.1519173063	-2.5132741229	-11.4958047278104	-11.7507890233618	-23.935381895513	0.643501120322229	0.613355045513745
1.1519173063	-2.4609142453	-11.1808747314461	-11.3901912015003	-24.454921716231	0.632070484726447	0.957963334878949
1.1519173063	-2.4085543678	-11.0849430779491	-11.3506899532447	-23.3503004335828	0.625102343574711	1.25434758227888
1.1519173063	-2.3561944902	-11.128542334997	-11.5528894597983	-21.439618893548	0.626711216435316	1.40754919177532
1.1519173063	-2.3038346126	-11.2439634271671	-11.934767553851	-19.5690819298909	0.639312722215551	1.45645056472529
1.1519173063	-2.2514747351	-11.383290949927	-12.4442073518501	-18.0239874085959	0.663027591136988	1.46177518891405
1.1519173063	-2.1991148575	-11.5377300736792	-13.0597829795655	-16.8300987243463	0.696869014620668	1.46249272558158
1.1519173063	-2.14675498	-11.7206230496662	-13.7927019075532	-15.9293282651772	0.740744769738061	1.47822694906253
1.1519173063	-2.0943951024	-11.9083127479271	-14.667048171683	-15.18564992653	0.795730750231166	1.51535837029818
1.1519173063	-2.0420352248	-12.0124707944131	-15.6978862969379	-14.4386203585801	0.866929087482479	1.56805305489915
1.1519173063	-1.9896753473	-11.9188104373873	-16.8753637726451	-13.5899367684196	0.961385294522405	1.62178130301698
1.1519173063	-1.9373154697	-11.545531461537	-18.1100377970709	-12.6277685577907	1.08628092572007	1.6621613606756
1.1519173063	-1.8849555922	-10.9353473020509	-19.2635348786097	-11.6256225014048	1.24149217025464	1.68310000685571
1.1519173063	-1.8325957146	-10.2060209061179	-20.1900771918303	-10.665370954043	1.41562917746464	1.68796092047718
1.1519173063	-1.780235837	-9.46630447257458	-20.8425640167991	-9.79476083219388	1.5891323797238	1.68444805984725
1.1519173063	-1.7278759595	-8.78712153281666	-21.3196868136012	-9.03654615823375	1.74926504322848	1.68049088279622
1.1519173063	-1.6755160819	-8.17349725784071	-21.768425052121	-8.36756748276557	1.89917546716722	1.68092108540212
1.1519173063	-1.6231562044	-7.5994825694584	-22.2940685251688	-7.74938170032885	2.05447970122074	1.68695411397777
1.1519173063	-1.5707963268	-7.03012795510077	-22.9347855888281	-7.14309576119585	2.23555294162268	1.69682813208454
1.1519173063	-1.5184364492	-6.43811305306387	-23.6566357452262	-6.5213057177765	2.46499591977554	1.7073240539428
1.1519173063	-1.4660765717	-5.81638644268535	-24.300085716178	-5.87840355631212	2.7649249158757	1.71605742543101
1.1519173063	-1.4137166941	-5.17774500039609	-24.4891785622088	-5.22893651943845	-3.13762050825909	1.72277380572737
1.1519173063	-1.3613568166	-4.53961896533725	-23.7200526780103	-4.59238770303952	-2.71638764541894	1.72899921344313
1.1519173063	-1.308996939	-3.91612006624418	-21.9763085971989	-3.98453989111139	-2.34172332838188	1.73672528807313
1.1519173063	-1.2566370614	-3.31078171643981	-19.8125275596503	-3.40907300359847	-2.06180138939191	1.74716681341499
1.1519173063	-1.2042771839	-2.72110766974611	-17.7092125885633	-2.86105099744402	-1.86460762316947	1.75944051063414
1.1519173063	-1.1519173063	-2.14491307566483	-15.8512687928206	-2.33395874631187	-1.72146508435177	1.77165563283655
1.1519173063	-1.0995574288	-1.58387776336186	-14.2644328865137	-1.82471008395752	-1.60929332832564	1.78147603977778
1.1519173063	-1.0471975512	-1.04636984039812	-12.8954730497674	-1.33977074517425	-1.51268323232758	1.7881237899101
1.1519173063	-0.9948376736	-0.543449510451537	-11.68307110391	-0.891054900878773	-1.42344374511503	1.7925539899109
1.1519173063	-0.9424777961	-0.0856017219710911	-10.5681813381095	-0.492722610746051	-1.33926297994581	1.79785695200006
1.1519173063	-0.8901179185	0.318098326076583	-9.53429180288897	-0.156191710255794	-1.26136741385961	1.80789763987117
1.1519173063	-0.837758041	0.665594698188371	-8.5912090199607	0.117008931917535	-1.19238701640692	1.82613645308149
1.1519173063	-0.7853981634	0.956531831507928	-7.77523139328937	0.3321455798404	-1.13408044220961	1.85397445297154
1.1519173063	-0.7330382858	1.1945928339177	-7.12442157339159	0.502735417673069	-1.08652994056315	1.89018916947451
1.1519173063	-0.6806784083	1.38527650523688	-6.66447516080725	0.645179566332107	-1.04903207524521	1.9309578618741
1.1519173063	-0.6283185307	1.52462224505472	-6.40197790357282	0.761254606729209	-1.02059254329079	1.97180278203309
1.1519173063	-0.5759586532	1.61483216365321	-6.31847315213441	0.852751846094961	-1.00133666051689	2.0084147030013
1.1519173063	-0.5235987756	1.66002267506339	-6.38107460800806	0.918315891697572	-0.99297032902945	2.03899046719619
1.1519173063	-0.47123889804	1.67403477255042	-6.53858327299783	0.963536172750387	-0.998514934079744	2.06410728553243
1.1519173063	-0.41887902048	1.67773185492625	-6.73170377270324	1.00130102701155	-1.02181475942349	2.08639445346768
1.1519173063	-0.36651914292	1.69855668235589	-6.90231462359249	1.0535752540032	-1.06466538033823	2.10910432868994
1.1519173063	-0.31415926536	1.75998051684592	-6.99789616608428	1.13961791775046	-1.12486637110878	2.13415553290463
1.1519173063	-0.2617993878	1.87531905786573	-6.99002970311536	1.27122572620375	-1.1950652583672	2.16126671011385
1.1519173063	-0.20943951024	2.0370061675907	-6.88743167946307	1.44166253400189	-1.26414107037707	2.18805234848449
1.1519173063	-0.15707963268	2.22191973453389	-6.72794862086347	1.6302999194955	-1.32108160291886	2.21121403663268
1.1519173063	-0.10471975512	2.39813723906553	-6.56289814905759	1.80814474542184	-1.3575767985613	2.22842787388341
1.1519173063	-0.05235987756	2.54092586366246	-6.42703644959787	1.95194039339541	-1.36941384212754	2.23890097776044
1.1519173063	-4.4408920985E-16	2.6365337527119	-6.33586904484835	2.04819286481015	-1.35700878151056	2.2443036162231
1.1519173063	0.05235987756	2.68671337934758	-6.28821347127171	2.09873854766494	1.81792607624989	-0.894178833220351
1.1519173063	0.10471975512	2.70026480247575	-6.27696673917244	2.11262400087371	1.8657059443451	-0.88982235995592
1.1519173063	0.15707963268	2.68681219915959	-6.30303342630326	2.10099602772975	1.92175617548847	-0.880923615723303
1.1519173063	0.20943951024	2.65256910060168	-6.37498669781779	2.0721716960564	1.98094029198498	-0.865416918882505
1.1519173063	0.2617993878	2.59598514656835	-6.49818615174855	2.02502967150193	2.04049188606722	-0.842667442680839
1.1519173063	0.31415926536	2.51240888621713	-6.66422887091281	1.95291555177319	2.10076222086414	-0.812790891725316
1.1519173063	0.36651914292	2.39740637121648	-6.8372077925631	1.84582429633617	2.16233336941639	-0.776707725140262
1.1519173063	0.41887902048	2.24916644722235	-6.97164410611937	1.69571164961326	2.22469607112449	-0.734826841493835
1.1519173063	0.47123889804	2.072754327203	-7.01825515738857	1.50135443067919	2.28538435612344	-0.68744606402466
1.1519173063	0.5235987756	1.87748191509154	-6.9591765844948	1.26909065535212	2.34012276722295	-0.634894927289079
1.1519173063	0.5759586532	1.66913005036804	-6.80734845038233	1.00389732089799	2.38530644703864	-0.577798119907873
1.1519173063	0.6283185307	1.44575719873026	-6.60621760457048	0.70607318276063	2.41901908951972	-0.517602379050518
1.1519173063	0.6806784083	1.19137891763283	-6.40600820380624	0.361785746891579	2.44249100880134	-0.455797400600459
1.1519173063	0.7330382858	0.879639492060383	-6.24921455018324	-0.0553578158233707	2.45902707716989	-0.393513787695435
1.1519173063	0.7853981634	0.483475900397781	-6.15876262490153	-0.577013895777812	2.47183421927217	-0.331111870627132
1.1519173063	0.837758041	-0.0131966348743774	-6.13939799584504	-1.22794652645682	2.484141583491	-0.267888647912007
1.1519173063	0.8901179185	-0.610406151902295	-6.18686326067807	-2.01854252888692	2.4973576053252	-0.202739925112243
1.1519173063	0.9424777961	-1.28670931662629	-6.29545518450016	-2.93355590356848	2.51184023165097	-0.134909013400535
1.1519173063	0.9948376736	-2.00491773689064	-6.45814342392937	-3.93400363283855	2.52686905292168	-0.0656526724868616
1.1519173063	1.0471975512	-2.73067037940465	-6.67930704210002	-4.96978855911717	2.54186111795003	0.0015493519777787
1.1519173063	1.0995574288	-3.44370147995012	-6.96251995403099	-5.99883339626343	2.55612482659582	0.0617244132972959
1.1519173063	1.1519173063	-4.14184500200131	-7.31320169002493	-6.99684800209945	2.56968343969086	0.110914247016635
1.1519173063	1.2042771839	-4.8362066756982	-7.72936206535659	-7.96689880393357	2.58263198913914	0.148988925952139
1.1519173063	1.2566370614	-5.53907434598839	-8.20253789581344	-8.92633277379454	2.59517624708659	0.180843322790869
1.1519173063	1.308996939	-6.25098460788818	-8.71413610063202	-9.88743893752978	2.60580339436241	0.214660146850603
1.1519173063	1.3613568166	-6.96255754714187	-9.24686336976302	-10.8450634701255	2.61241197840175	0.258200100743085
1.1519173063	1.4137166941	-7.65736673046337	-9.78958200488016	-11.7694761802302	2.61260730413046	0.314407031864218
1.1519173063	1.4660765717	-8.327411478286	-10.3440057773206	-12.6284203627461	2.60416360901508	0.378718246750874
1.1519173063	1.5184364492	-8.9763862267202	-10.9094863708086	-13.4224429068755	2.5856359851608	0.440366712004357
1.1519173063	1.5707963268	-9.62153525700329	-11.4821679107379	-14.1999246211657	2.55806312782109	0.488283026274558
1.1519173063	1.6231562044	-10.2869944551952	-12.0524293788248	-15.0491764391684	2.52292615966291	0.518304344159026
1.1519173063	1.6755160819	-10.9708334561485	-12.5903177502143	-16.0395176650579	2.48368871995901	0.534060404306603
1.1519173063	1.7278759595	-11.638681632896	-13.0557293808548	-17.1919556456614	2.44276764112963	0.545694804170199
1.1519173063	1.780235837	-12.233064383421	-13.4186013186845	-18.4510489455534	2.40128663570679	0.564168840007383
1.1519173063	1.8325957146	-12.6996999041223	-13.6728970286091	-19.6730505105474	2.35960745316677	0.593478271815549
1.1519173063	1.8849555922	-13.0195696149981	-13.8397743015134	-20.6618402272243	2.31652172506681	0.62105238232443
1.1519173063	1.9373154697	-13.2404158334465	-13.9795694278922	-21.2952483563715	2.27052818670693	0.619655760047597
1.1519173063	1.9896753473	-13.4387090059155	-14.1582972578827	-21.6005388398614	2.21970773937459	0.566692326012354
1.1519173063	2.0420352248	-13.6986925356307	-14.4471471189893	-21.7037352810217	2.16245764745615	0.463702014699875
1.1519173063	2.0943951024	-14.0900037933379	-14.9003951630989	-21.7797955684386	2.09638974990275	0.333627948149763
1.1519173063	2.14675498	-14.6759630506966	-15.5513041008709	-22.0623550052098	2.01632841896172	0.205204021504516
1.1519173063	2.1991148575	-15.516452976676	-16.407803441625	-22.8318664722676	1.9140248884878	0.099682440343041
1.1519173063	2.2514747351	-16.6427548991231	-17.4371734474501	-24.4112603698993	1.77607631333206	0.0304477768821751
1.1519173063	2.3038346126	-17.9876047302783	-18.5320291791164	-27.2754405655296	1.58548277053382	0.0137546213436163
1.1519173063	2.3561944902	-19.2569946060237	-19.4642201543999	-32.5736055311582	1.3302413980166	0.110586774389271
1.1519173063	2.4085543678	-19.9086170492829	-19.9275562986883	-43.5222987138108	1.02238323420766	1.12821515764144
1.1519173063	2.4609142453	-19.6234368323661	-19.767091854949	-34.4997013197029	0.709808965978415	2.6359585537028
1.1519173063	2.5132741229	-18.794284791588	-19.2307261588048	-28.9892621707477	0.44072430526604	2.82322466755687
1.1519173063	2.5656340004	-17.9739777380628	-18.7262569095233	-25.9587418845163	0.231698903756747	2.88746291821837
1.1519173063	2.617993878	-17.4590128383487	-18.558428186006	-23.96335532887	0.077398174242965	2.89527428420308
1.1519173063	2.6703537556	-17.356167696102	-18.9272400350147	-22.5339301030882	-0.0284185190403058	2.85075136356373
1.1519173063	2.7227136331	-17.6388247946788	-19.9613037531985	-21.4667625557938	-0.083085010786398	2.75787635729496
1.1519173063	2.7750735107	-18.1696322890662	-21.793834491672	-20.6421585948221	-0.0648099324425381	2.62774858026813
1.1519173063	2.8274333882	-18.6684318304505	-24.485097352437	-19.9879823778141	0.0912971568650451	2.47787814382842
1.1519173063	2.8797932658	-18.7910281643848	-27.1554391534524	-19.4750935627082	0.520757484728984	2.32763463679211
1.1519173063	2.9321531434	-18.418391553773	-26.8530575900916	-19.0905844789678	1.12959473578559	2.19360028197733
1.1519173063	2.9845130209	-17.7431218443919	-24.369589626324	-18.8079836858503	1.49420074309023	2.08881789384264
1.1519173063	3.0368728985	-17.0141385209823	-22.2304759370968	-18.5685047960455	1.65167012440678	2.02230722086303
1.1519173063	3.089232776	-16.3623172015502	-20.8131330269954	-18.2927513338415	1.72448093331729	1.9976210152471
1.1519173063	3.1415926536	-15.8276874612471	-19.9947420976919	-17.9254303679002	1.76652590851607	2.01049219029358
1.2042771839	-3.1415926536	-15.8305276313748	-20.5841901221535	-17.6002419172334	-1.39230127541707	-1.14040190663609
1.2042771839	-3.089232776	-15.5083256444441	-20.278120607948	-17.269947200403	-1.3617366677963	-1.09147139155646
1.2042771839	-3.0368728985	-15.3538152714194	-20.4409053895711	-16.9650067384567	-1.33007891765496	-1.02203298083489
1.2042771839	-2.9845130209	-15.4446248181305	-21.156760158716	-16.8019023577344	-1.2805541838372	-0.9329695185972
1.2042771839	-2.9321531434	-15.8487196777845	-22.607210791336	-16.8775978683123	-1.17875728023525	-0.816499254275069
1.2042771839	-2.8797932658	-16.5088469409232	-24.9251621785669	-17.1841193610109	-0.93240802938772	-0.661753510393175
1.2042771839	-2.8274333882	-17.1004703818446	-26.771597623348	-17.5961727382824	-0.349888843563647	-0.466360407030488
1.2042771839	-2.7750735107	-17.0495825588893	-24.3788773166856	-17.9377767770428	0.321384081101254	-0.245361210793414
1.2042771839	-2.7227136331	-16.1642769964123	-20.4607251093011	-18.1835687851056	0.627641146024395	-0.0311587429649959
1.2042771839	-2.6703537556	-14.9119140636186	-17.3794630437277	-18.5426136327019	0.732870073745837	0.152276478471085
1.2042771839	-2.617993878	-13.7496476559227	-15.1783484919836	-19.2728624764577	0.760636654922382	0.30845909076484
1.2042771839	-2.5656340004	-12.829276675359	-13.6426771697356	-20.5044299148346	0.756484838497015	0.46639653759946
1.2042771839	-2.5132741229	-12.1642509023053	-12.6285500541661	-22.1041966481815	0.740290947236925	0.678342542188035
1.2042771839	-2.4609142453	-11.7024372645858	-12.0131883417526	-23.3106030619166	0.722768349273178	0.990345959976007
1.2042771839	-2.4085543678	-11.393808069165	-11.7037251373969	-23.0132333048307	0.709419207500276	1.33374365876427
1.2042771839	-2.3561944902	-11.1891458340125	-11.6191864319936	-21.4451405352016	0.703129525913885	1.5629365618119
1.2042771839	-2.3038346126	-11.0566358643741	-11.7025571450725	-19.6516416260726	0.704244917341082	1.66807517657513
1.2042771839	-2.2514747351	-10.9749587395637	-11.9087288462785	-18.108925106	0.711232762773256	1.71121460195933
1.2042771839	-2.1991148575	-10.9546303507951	-12.2262700172333	-16.9091493875824	0.721789820476791	1.74002220173214
1.2042771839	-2.14675498	-10.9976593590161	-12.6633760732045	-15.9657620312744	0.735242526546896	1.77836053779504
1.2042771839	-2.0943951024	-11.0759690827301	-13.2343368513239	-15.1471386153715	0.751644762599109	1.83222767114652
1.2042771839	-2.0420352248	-11.1169822267603	-13.9555511861148	-14.3060844320447	0.773410028558189	1.8930886631687
1.2042771839	-1.9896753473	-11.0247516114428	-14.8170059154893	-13.3726389065848	0.803309032810243	1.94537173212638
1.2042771839	-1.9373154697	-10.7415232892411	-15.7760947174437	-12.3765128385018	0.843694418897987	1.97763150322974
1.2042771839	-1.8849555922	-10.2801606302533	-16.7789070951571	-11.3811893980714	0.893360773219462	1.98800432529612
1.2042771839	-1.8325957146	-9.71227330572126	-17.7529864772096	-10.4540516278023	0.946597832914262	1.98286334290202
1.2042771839	-1.780235837	-9.12112855787398	-18.6624815009353	-9.6327878198768	0.994539695127661	1.97190674868709
1.2042771839	-1.7278759595	-8.55908218854727	-19.5282294300425	-8.92119981847112	1.02807030809807	1.96343902669013
1.2042771839	-1.6755160819	-8.0372638151343	-20.4194498855916	-8.29574299406316	1.04177002791668	1.96138924681826
1.2042771839	-1.6231562044	-7.53470395201129	-21.4377766150057	-7.71520122813309	1.03203628064972	1.96579312425403
1.2042771839	-1.5707963268	-7.022062137242	-22.7007202696526	-7.14114771589968	0.992218461087469	1.97365643360273
1.2042771839	-1.5184364492	-6.4760523368518	-24.3339071016408	-6.54776228336413	0.900248072216333	1.9811016277213
1.2042771839	-1.4660765717	-5.89232278056555	-26.3656665541052	-5.93144328905072	0.698468591652942	1.9852017431479
1.2042771839	-1.4137166941	-5.28306696396313	-28.0739078037983	-5.3059674525709	0.280561540368894	1.98623390364314
1.2042771839	-1.3613568166	-4.66186395459293	-27.2321862063366	-4.68596058745075	-0.290333587682645	1.98602534335663
1.2042771839	-1.308996939	-4.04611862355532	-24.1579135416857	-4.08865198944877	-0.677110294965068	1.9875249744003
1.2042771839	-1.2566370614	-3.4426602217917	-21.0593205631612	-3.51850135533062	-0.861679910402126	1.99138044566438
1.2042771839	-1.2042771839	-2.85650139082888	-18.5236092720665	-2.97590850421732	-0.945486086739276	1.9970158172832
1.2042771839	-1.1519173063	-2.29227651980023	-16.5118172829658	-2.45984082592978	-0.980083714961887	2.00202671698148
1.2042771839	-1.0995574288	-1.75604783974531	-14.8998168036476	-1.97189945138895	-0.987033567670788	2.0039666252295
1.2042771839	-1.0471975512	-1.25520056277342	-13.5734043119221	-1.51763422782857	-0.976176578239814	2.00179009868574
1.2042771839	-0.9948376736	-0.795352419251763	-12.4258667182878	-1.10445036517013	-0.954726840661319	1.99705729252426
1.2042771839	-0.9424777961	-0.381346111926445	-11.392042672297	-0.739869515579575	-0.928408788935765	1.99274661140139
1.2042771839	-0.8901179185	-0.0154853260363175	-10.4543831218996	-0.42692296181326	-0.902768421298627	1.99309469125307
1.2042771839	-0.837758041	0.302896247733073	-9.61574233511078	-0.163813627030079	-0.881171306523674	2.0014888314688
1.2042771839	-0.7853981634	0.576980769836106	-8.91279958393444	0.0588298549157557	-0.865983375115605	2.01911861280047
1.2042771839	-0.7330382858	0.80881230465386	-8.37706027414685	0.250587173863881	-0.857247462043609	2.04456785874993
1.2042771839	-0.6806784083	1.00078537797057	-8.03356942360377	0.421359245568396	-0.854457095115823	2.07377724037049
1.2042771839	-0.6283185307	1.15140720553668	-7.8820875799452	0.571858311446796	-0.858003945656448	2.10195074989614
1.2042771839	-0.5759586532	1.26102874442962	-7.90535112478838	0.700123109477421	-0.868772837673619	2.12517104559529
1.2042771839	-0.5235987756	1.33429217527311	-8.05668045033586	0.803458560818251	-0.889816577325525	2.14162988535982
1.2042771839	-0.47123889804	1.38366478316499	-8.27544200064482	0.886506791835924	-0.925376521910929	2.15251285704804
1.2042771839	-0.41887902048	1.43281101629399	-8.48715079696436	0.96625123746881	-0.979551516020422	2.16066006099484
1.2042771839	-0.36651914292	1.50617979867098	-8.61744389241861	1.06212613044861	-1.05308861174969	2.16952429759888
1.2042771839	-0.31415926536	1.6223897890122	-8.61481003615141	1.19038817029892	-1.14055407758797	2.18131515765291
1.2042771839	-0.2617993878	1.78886088942384	-8.4710797467656	1.35923081370037	-1.23235687109661	2.19599638738497
1.2042771839	-0.20943951024	1.99239180959988	-8.22891881363153	1.55872501458206	-1.31565950497208	2.21143926374193
1.2042771839	-0.15707963268	2.20644041863941	-7.95639085854475	1.76658670102998	-1.38065510275731	2.22461139499574
1.2042771839	-0.10471975512	2.3999539765696	-7.71942306791005	1.95544287866651	-1.42144940470509	2.23320496100995
1.2042771839	-0.05235987756	2.54843324788769	-7.55386678122877	2.10207767943503	-1.4362186107852	2.23628054304798
1.2042771839	-4.4408920985E-16	2.6374547486421	-7.47107974947577	2.19177349022274	-1.42640577794188	2.23552619898415
1.2042771839	0.05235987756	2.67084742938666	-7.45402969100014	2.22692868026051	1.74524442522478	-0.908443263560652
1.2042771839	0.10471975512	2.65501508938273	-7.49475038529532	2.21376641248344	1.78950382408831	-0.909127798687
1.2042771839	0.15707963268	2.60600130853216	-7.58903461251177	2.16956613016405	1.84146102281325	-0.905544606507014
1.2042771839	0.20943951024	2.52879819129185	-7.75253059474119	2.10138611938185	1.8963297656167	-0.895932779823554
1.2042771839	0.2617993878	2.42619322689591	-7.98814443143128	2.01230745385099	1.95223430385157	-0.879653261005217
1.2042771839	0.31415926536	2.29591641547682	-8.29497388704605	1.89929568972895	2.00933876237035	-0.857454580177527
1.2042771839	0.36651914292	2.13697438317679	-8.63425302202122	1.75721255835226	2.06949609649425	-0.829887728914829
1.2042771839	0.41887902048	1.9485961837574	-8.94539914199142	1.57988180567072	2.13191907523271	-0.797542337675417
1.2042771839	0.47123889804	1.73582824359502	-9.16665860113373	1.36786548009837	2.19418522373404	-0.760326355044183
1.2042771839	0.5235987756	1.50678312372343	-9.25879822753295	1.12650499356316	2.24984521993348	-0.718020238135682
1.2042771839	0.5759586532	1.26734677154818	-9.23173185946198	0.861843987192303	2.29311177350016	-0.670851841001463
1.2042771839	0.6283185307	1.01418442239312	-9.12868221917773	0.572197321385786	2.32119564195089	-0.619999146609202
1.2042771839	0.6806784083	0.732632430430288	-9.00467263154425	0.244863641896314	2.33505680254592	-0.566699408979213
1.2042771839	0.7330382858	0.393718474831163	-8.907149609287	-0.148968413664884	2.33903979722433	-0.512710875644141
1.2042771839	0.7853981634	-0.0317418725939974	-8.86082677076215	-0.64127314967088	2.33775795677846	-0.458495751486097
1.2042771839	0.837758041	-0.566156582164705	-8.86383270125233	-1.26170969237392	2.33539686071402	-0.403935217128516
1.2042771839	0.8901179185	-1.21239839489618	-8.90627173701397	-2.02195292744052	2.33391457965935	-0.34773585857027
1.2042771839	0.9424777961	-1.94929093488107	-8.97678774860625	-2.90899304750786	2.33393180476256	-0.289167330519065
1.2042771839	0.9948376736	-2.73497780908138	-9.07243000294073	-3.88368463599145	2.33469026267369	-0.228099910885905
1.2042771839	1.0471975512	-3.52179689462289	-9.19921957873652	-4.89187941559665	2.33559775595622	-0.16661542595849
1.2042771839	1.0995574288	-4.27455232573111	-9.37473484834075	-5.87987590680585	2.33642596928276	-0.108108123545302
1.2042771839	1.1519173063	-4.98575297989148	-9.61302242290571	-6.82046665273202	2.33673172857824	-0.0559047880209655
1.2042771839	1.2042771839	-5.66881939866259	-9.92148408582964	-7.71423826378854	2.33802272110544	-0.0104711785515178
1.2042771839	1.2566370614	-6.3467458589823	-10.2935521505498	-8.58709924809801	2.34069721351634	0.0317451810518957
1.2042771839	1.308996939	-7.03133664031762	-10.7095825224053	-9.46285895545038	2.34381949248285	0.0771572015032834
1.2042771839	1.3613568166	-7.71653705023609	-11.1462718111739	-10.3443667675057	2.34522274815044	0.131790563603225
1.2042771839	1.4137166941	-8.37837398121239	-11.5866849762142	-11.1992986549537	2.34035690033397	0.197324366886182
1.2042771839	1.4660765717	-8.99897808106904	-12.0263424653517	-11.9922803977827	2.32625993023621	0.268557973621092
1.2042771839	1.5184364492	-9.57722055461138	-12.4669270253409	-12.7115584707005	2.29942723481627	0.334554062961667
1.2042771839	1.5707963268	-10.1397153752203	-12.9212063822772	-13.3915528429567	2.25964031786703	0.384237559064838
1.2042771839	1.6231562044	-10.7210265098658	-13.3818573162986	-14.1113971933399	2.20878966749798	0.413270849967368
1.2042771839	1.6755160819	-11.3385207261005	-13.832304844871	-14.9351650937466	2.15034534395161	0.425297086220783
1.2042771839	1.7278759595	-11.9777659704466	-14.2386234026077	-15.8943762686052	2.08934823796635	0.430357293946338
1.2042771839	1.780235837	-12.5938080179715	-14.5747696934824	-16.9557870219998	2.02884026869606	0.439201513320759
1.2042771839	1.8325957146	-13.1268054660381	-14.8282652724313	-18.0194223780157	1.9702441221103	0.457381452223807
1.2042771839	1.8849555922	-13.540476690936	-15.0236872990478	-18.9268111532961	1.91234098155192	0.477402205314214
1.2042771839	1.9373154697	-13.8575577916431	-15.2095810147123	-19.5840474406207	1.851382825465	0.481041597181267
1.2042771839	1.9896753473	-14.1418078688073	-15.4543402087831	-19.9783014258054	1.78242765516645	0.448390460447394
1.2042771839	2.0420352248	-14.4753557465259	-15.823213124266	-20.2132723188396	1.69999776016854	0.376224350693751
1.2042771839	2.0943951024	-14.9264242223393	-16.3542797945724	-20.4518097162308	1.59766691248355	0.279399322879842
1.2042771839	2.14675498	-15.5348877167779	-17.0248370251449	-20.9047129835927	1.46752477719682	0.18076671596891
1.2042771839	2.1991148575	-16.3310722049498	-17.7693672520161	-21.8297538477284	1.30090117665653	0.101277812278561
1.2042771839	2.2514747351	-17.2434291503914	-18.4047617375666	-23.539440627626	1.0929309810454	0.0579296948563103
1.2042771839	2.3038346126	-18.0436173223825	-18.7123680046449	-26.4989034958937	0.851658128359466	0.074454193296218
1.2042771839	2.3561944902	-18.3455461687221	-18.548546482901	-31.7495269807253	0.603655640578647	0.235522412158791
1.2042771839	2.4085543678	-17.9690059021556	-17.9950275083622	-40.2065123192328	0.379548167096742	1.28574468522569
1.2042771839	2.4609142453	-17.1850450878289	-17.2915373499302	-33.3428450056377	0.195098296248225	2.56402919769124
1.2042771839	2.5132741229	-16.4083949215935	-16.6961459641286	-28.33915012898	0.0499720509327831	2.80596559149659
1.2042771839	2.5656340004	-15.8757977225691	-16.3746466061408	-25.5209879988819	-0.0627294697491879	2.89359145778784
1.2042771839	2.617993878	-15.711188761239	-16.4641876675742	-23.6921493074687	-0.147968431836467	2.9075589299581
1.2042771839	2.6703537556	-15.9518158361541	-17.06704739082	-22.4016982018119	-0.206140384244816	2.85595790445151
1.2042771839	2.7227136331	-16.5779017789184	-18.3075162858257	-21.4123953938031	-0.230487512860562	2.74513621706907
1.2042771839	2.7750735107	-17.4303900447968	-20.3208320457328	-20.5639499458683	-0.199613654527978	2.59275491986079
1.2042771839	2.8274333882	-18.1636470844081	-23.2218370716519	-19.7878824611858	-0.0563119578275287	2.42546161132584
1.2042771839	2.8797932658	-18.3840856402102	-26.5004293293838	-19.1119217960988	0.336455383456218	2.26894459768791
1.2042771839	2.9321531434	-18.0339448487618	-27.1886640335679	-18.5964605371241	0.989519923223091	2.13961359990168
1.2042771839	2.9845130209	-17.4093997756656	-24.9297964772106	-18.2553736018911	1.43006176489863	2.04600453682347
1.2042771839	3.0368728985	-16.786549313947	-22.7862905224034	-18.0429119038989	1.62005959440391	1.99244914319392
1.2042771839	3.089232776	-16.254458522054	-21.3804929907835	-17.8482703973969	1.70483519143745	1.97870144781882
1.2042771839	3.1415926536	-15.8305276313748	-20.5841901221535	-17.6002419172334	1.74929137817272	2.00119074695371
1.2566370614	-3.1415926536	-15.828682972693	-21.2396917207339	-17.3018890034106	-1.41211373441462	-1.1495131964465
1.2566370614	-3.089232776	-15.5843008243281	-20.9283241116681	-17.084854537055	-1.38760850049036	-1.09276121626462
1.2566370614	-3.0368728985	-15.4723166190127	-21.0656056345399	-16.874024069894	-1.37129448152192	-1.01440104731887
1.2566370614	-2.9845130209	-15.5860219475376	-21.7398535680127	-16.7918917983711	-1.35219362503677	-0.911977953782741
1.2566370614	-2.9321531434	-16.0024398696399	-23.184893646502	-16.9246592423006	-1.30999874926861	-0.773934112013917
1.2566370614	-2.8797932658	-16.6639161124734	-25.8552131823914	-17.2213977348534	-1.18471481186524	-0.587640024050254
1.2566370614	-2.8274333882	-17.2422088684077	-30.0832990079733	-17.4740638726895	-0.731414918485403	-0.353082719183392
1.2566370614	-2.7750735107	-17.2103176626174	-29.5281975058081	-17.4727715047905	0.315499456947666	-0.100189339048861
1.2566370614	-2.7227136331	-16.4565030595496	-23.9942954515519	-17.2987448716798	0.77083826460806	0.125772765333031
1.2566370614	-2.6703537556	-15.4251282134102	-20.0208484525896	-17.2765199211014	0.878599284445998	0.3028674182333
1.2566370614	-2.617993878	-14.4962507371759	-17.3264122690347	-17.694485521581	0.892152278568218	0.441422182881451
1.2566370614	-2.5656340004	-13.7727509104351	-15.4582828766066	-18.6987671815848	0.875223155975491	0.571694364366744
1.2566370614	-2.5132741229	-13.2008549261763	-14.1652951457442	-20.2092447732141	0.848650619698174	0.739530814359004
1.2566370614	-2.4609142453	-12.706900168648	-13.289418285326	-21.7196529184174	0.823941129323746	0.997906159622568
1.2566370614	-2.4085543678	-12.2527344910246	-12.7202846964561	-22.1639730858481	0.805279317252686	1.33552581022035
1.2566370614	-2.3561944902	-11.8357207036521	-12.3779329042729	-21.1401568168258	0.792748803385413	1.62054403382079
1.2566370614	-2.3038346126	-11.4645867139238	-12.2012043248736	-19.5331130889728	0.78626248203667	1.78547704754437
1.2566370614	-2.2514747351	-11.1558792030654	-12.1537559601683	-18.032342417518	0.782532835853793	1.87409022759386
1.2566370614	-2.1991148575	-10.9313500500117	-12.2235498711828	-16.8259880622752	0.778465877295606	1.93809472051435
1.2566370614	-2.14675498	-10.7913084078766	-12.4159549788441	-15.8485918768861	0.773585383687913	2.00515720887507
1.2566370614	-2.0943951024	-10.6988965900797	-12.7367244986528	-14.9642096004237	0.768544094322101	2.08124557377802
1.2566370614	-2.0420352248	-10.5851666884233	-13.181329599582	-14.0532984681402	0.765400826541355	2.15698077182321
1.2566370614	-1.9896753473	-10.3875412670482	-13.7426580306614	-13.0783994796736	0.765442076766539	2.21646092821497
1.2566370614	-1.9373154697	-10.0688430729069	-14.3788077727765	-12.0801535065991	0.770219784745011	2.25030629646614
1.2566370614	-1.8849555922	-9.64469976691701	-15.0407770932901	-11.1239504296914	0.777008405381914	2.25958996790487
1.2566370614	-1.8325957146	-9.1643824673228	-15.6855260165522	-10.2589698653203	0.781955842051486	2.25372920615354
1.2566370614	-1.780235837	-8.67402725276917	-16.2728680307204	-9.50331451298023	0.778031826517262	2.24297198132158
1.2566370614	-1.7278759595	-8.20422332270265	-16.795802720573	-8.85069430100327	0.760213967533457	2.23601867921556
1.2566370614	-1.6755160819	-7.75645236888208	-17.2601056454662	-8.2728484991701	0.726200128077235	2.23659083906564
1.2566370614	-1.6231562044	-7.31080493402327	-17.6818396972698	-7.72904438555395	0.675637902157123	2.24405432720122
1.2566370614	-1.5707963268	-6.8433959678523	-18.0821842532061	-7.18283916016321	0.608820847221554	2.25367847064316
1.2566370614	-1.5184364492	-6.33972206708123	-18.4500736163915	-6.6154381036773	0.522269399608637	2.26079048248368
1.2566370614	-1.4660765717	-5.79824931363724	-18.7490356145926	-6.02416826427235	0.410417361430766	2.26225549644502
1.2566370614	-1.4137166941	-5.22943740457364	-18.8871800450255	-5.4206585988084	0.268366206165889	2.25903419426295
1.2566370614	-1.3613568166	-4.64484361217637	-18.7202746916967	-4.81817570625402	0.0995827819458159	2.25331560100104
1.2566370614	-1.308996939	-4.05775252888379	-18.1759369655938	-4.22935266315321	-0.0772766987304626	2.24828199484112
1.2566370614	-1.2566370614	-3.48019726301211	-17.3087364440253	-3.66388596997458	-0.237328250136806	2.24513244855138
1.2566370614	-1.2042771839	-2.92045027778607	-16.2808633564094	-3.12554640197606	-0.363865854297942	2.24296342264046
1.2566370614	-1.1519173063	-2.38779068401853	-15.2423881412296	-2.61890619637949	-0.452889490876761	2.2396889121388
1.2566370614	-1.0995574288	-1.89266327632022	-14.2908128308438	-2.15016542004665	-0.510018046510272	2.23279437493169
1.2566370614	-1.0471975512	-1.44157404091374	-13.439320965399	-1.72477365393279	-0.543159217798293	2.22142029832474
1.2566370614	-0.9948376736	-1.03678383148972	-12.6683445626616	-1.34580459590121	-0.56128823436868	2.20661459804908
1.2566370614	-0.9424777961	-0.674618172080228	-11.950915241933	-1.01102626702175	-0.572740774680194	2.19205143403212
1.2566370614	-0.8901179185	-0.352583497522084	-11.2892035455485	-0.717541092505747	-0.584848673883746	2.18166468002841
1.2566370614	-0.837758041	-0.0661159702902124	-10.7024779864184	-0.458413284544028	-0.601316142295616	2.17897456494093
1.2566370614	-0.7853981634	0.190177885692152	-10.2204747828095	-0.224076520003004	-0.623454519798606	2.18521272070609
1.2566370614	-0.7330382858	0.418453575404467	-9.88430357980986	-0.006748375969322	-0.650615788684371	2.19858456797962
1.2566370614	-0.6806784083	0.618724808299926	-9.71636344234557	0.19683480667827	-0.682197780966632	2.21484487387749
1.2566370614	-0.6283185307	0.788628745778127	-9.72244211105307	0.384297844126337	-0.718426620272966	2.22928023999765
1.2566370614	-0.5759586532	0.92397412829026	-9.87998226619205	0.547190831411667	-0.760915974081962	2.23820528527027
1.2566370614	-0.5235987756	1.03060028488151	-10.1355428882636	0.685197629300821	-0.814701315535798	2.24013943023864
1.2566370614	-0.47123889804	1.12197587016945	-10.412063659743	0.8056757298343	-0.88450687688343	2.23668365851347
1.2566370614	-0.41887902048	1.218578448746	-10.6124927948013	0.92391444346476	-0.973664550811039	2.23087744310678
1.2566370614	-0.36651914292	1.34408238632438	-10.6459229218264	1.06036062946567	-1.08063862940324	2.22640558310563
1.2566370614	-0.31415926536	1.5117211248946	-10.4754600234188	1.22780864125912	-1.1959963844322	2.22574029701904
1.2566370614	-0.2617993878	1.72350769760525	-10.132603723101	1.43059619075648	-1.30622270249594	2.22876730183885
1.2566370614	-0.20943951024	1.96201406146552	-9.70910195599878	1.65589617730125	-1.39928275768925	2.23363705129122
1.2566370614	-0.15707963268	2.19940169525577	-9.30675713268516	1.88098791879318	-1.4681934083794	2.23747566257212
1.2566370614	-0.10471975512	2.40496281560899	-8.99671750715492	2.07849730609966	-1.51038445968714	2.23791508630875
1.2566370614	-0.05235987756	2.55433404946406	-8.80999069195335	2.22493866138119	-1.5261944047483	2.23411366962063
1.2566370614	-4.4408920985E-16	2.63505074670426	-8.73733446726023	2.3062898604544	-1.51813422219414	2.22733351279552
1.2566370614	0.05235987756	2.65340829936915	-8.7619770374035	2.32801090857564	1.65095433041876	-0.922338721524686
1.2566370614	0.10471975512	2.61593841924923	-8.86102097833586	2.29529532426361	1.69180047959588	-0.928615794711194
1.2566370614	0.15707963268	2.53122945431932	-9.0314494039609	2.21708531968936	1.73970236667716	-0.930363094271313
1.2566370614	0.20943951024	2.41161620812427	-9.28863455799523	2.10761839069495	1.79004990641382	-0.926385179149697
1.2566370614	0.2617993878	2.26122373169798	-9.65400082381821	1.97240678213271	1.84144064068255	-0.916553400554543
1.2566370614	0.31415926536	2.08298190492475	-10.1237538756887	1.81350925066751	1.89513345906853	-0.901695589160158
1.2566370614	0.36651914292	1.87711285108315	-10.6684223467166	1.62845371037988	1.95371262274973	-0.88251188514737
1.2566370614	0.41887902048	1.64371914489678	-11.2209617447119	1.41315409612683	2.01832942087208	-0.859561354660744
1.2566370614	0.47123889804	1.38877256974359	-11.6933525480905	1.16975618878611	2.08550943323061	-0.832446257459165
1.2566370614	0.5235987756	1.11976097636466	-12.020295081698	0.903720079231289	2.14728866675469	-0.800628667290636
1.2566370614	0.5759586532	0.841129934824871	-12.2000415950132	0.619984744327244	2.19417136981291	-0.763998711235624
1.2566370614	0.6283185307	0.551800345748702	-12.2748553082735	0.319152403218934	2.22037889080815	-0.7231281565706
1.2566370614	0.6806784083	0.233921876406624	-12.3116513833141	-0.0147350214422355	2.22568681212462	-0.679449788034302
1.2566370614	0.7330382858	-0.138904800610902	-12.366143911582	-0.407068249216222	2.21537711036963	-0.63484470279978
1.2566370614	0.7853981634	-0.600413495505023	-12.4545948873808	-0.893459695979892	2.19592243456435	-0.590431088177889
1.2566370614	0.837758041	-1.17684048260868	-12.5675604158858	-1.50416282373142	2.17306179754186	-0.546272161955027
1.2566370614	0.8901179185	-1.87628204603076	-12.6794595158138	-2.25313594550088	2.15079908990081	-0.501798362385114
1.2566370614	0.9424777961	-2.68342129340926	-12.7659011512529	-3.13192772056419	2.13045569343641	-0.455437904666823
1.2566370614	0.9948376736	-3.55342432303602	-12.8194896289308	-4.10076460466196	2.111215843836	-0.406323426813271
1.2566370614	1.0471975512	-4.42750245468886	-12.8525952124429	-5.10130000049184	2.0926115591061	-0.354811887752694
1.2566370614	1.0995574288	-5.25657745751985	-12.8999098982799	-6.07656145351705	2.07394905418364	-0.302716755468339
1.2566370614	1.1519173063	-6.01900897662639	-13.0013314980181	-6.98995544706226	2.05602332739226	-0.252679998015734
1.2566370614	1.2042771839	-6.72685016903137	-13.1769365100625	-7.84202200649257	2.04051940548533	-0.205304832421296
1.2566370614	1.2566370614	-7.41554003495017	-13.4328805936319	-8.66601439637619	2.02919464518849	-0.158505294445627
1.2566370614	1.308996939	-8.11277133509427	-13.7495701182275	-9.49801871620957	2.02211797626923	-0.107717140415761
1.2566370614	1.3613568166	-8.82062662027031	-14.0898495204957	-10.3524313307937	2.01628014639197	-0.0482645014068368
1.2566370614	1.4137166941	-9.51142286440383	-14.4269405643606	-11.2019420231371	2.00661252974345	0.0211011178480156
1.2566370614	1.4660765717	-10.1529629220217	-14.7470973436804	-12.0051978514865	1.98635307441092	0.0952689450879417
1.2566370614	1.5184364492	-10.7261819979844	-15.0576229050651	-12.724891907483	1.95004124369934	0.163355818113221
1.2566370614	1.5707963268	-11.2548960515931	-15.3712561047782	-13.3844190843656	1.89520086676759	0.213878193701546
1.2566370614	1.6231562044	-11.7886448086975	-15.6972061188055	-14.0550083369115	1.82348955702482	0.241773667520522
1.2566370614	1.6755160819	-12.356406754251	-16.0189129193414	-14.7997786814372	1.7394794784363	0.250389851412887
1.2566370614	1.7278759595	-12.9667977547867	-16.3131442651198	-15.665196496837	1.64983082804532	0.249926038979878
1.2566370614	1.780235837	-13.5882355334574	-16.5533440842707	-16.6442020934936	1.56076976330291	0.252329302062064
1.2566370614	1.8325957146	-14.1632563105017	-16.739135040077	-17.6563119084498	1.47550266559003	0.265053384945268
1.2566370614	1.8849555922	-14.6252041180566	-16.8706358633619	-18.5644986978444	1.39248373419315	0.28536736023751
1.2566370614	1.9373154697	-14.9572635641545	-16.9825391525261	-19.2436217290491	1.30587036088958	0.297690265860077
1.2566370614	1.9896753473	-15.184990375812	-17.1078288675627	-19.6494100697933	1.2073947122622	0.28256090291839
1.2566370614	2.0420352248	-15.3682493412005	-17.2653087003606	-19.8793400749935	1.08886800746205	0.233377700280451
1.2566370614	2.0943951024	-15.5610987620993	-17.4409076477358	-20.103859601424	0.944754438131552	0.160589938845527
1.2566370614	2.14675498	-15.7973139993091	-17.5664713144763	-20.5520839050362	0.774711362694837	0.084102291280916
1.2566370614	2.1991148575	-16.0712837033248	-17.5428773903048	-21.4862874649638	0.586769405684545	0.0230819528170311
1.2566370614	2.2514747351	-16.3098282168623	-17.2983143308771	-23.222838256583	0.396425576491074	-0.00644049093322759
1.2566370614	2.3038346126	-16.3714789866734	-16.8442031626761	-26.2374622874922	0.221399241344674	0.0170574098612997
1.2566370614	2.3561944902	-16.1263908745092	-16.2491866972751	-31.6736512986646	0.0727230849436339	0.168779505102845
1.2566370614	2.4085543678	-15.6243334631359	-15.635539201662	-41.5133733961354	-0.0468101200609768	1.28070771308002
1.2566370614	2.4609142453	-15.0425319040033	-15.1076823989013	-33.3137323509083	-0.140753685135303	2.65433227447585
1.2566370614	2.5132741229	-14.5731388750578	-14.766031163192	-28.1939225177256	-0.214411858996692	2.87437188572168
1.2566370614	2.5656340004	-14.3555841694314	-14.7095851106306	-25.419181351331	-0.272285975911544	2.95254182576422
1.2566370614	2.617993878	-14.4757603406332	-15.0320640100731	-23.6756673244565	-0.316003274032864	2.95422820694286
1.2566370614	2.6703537556	-14.9738369448615	-15.8239687561526	-22.4749516111979	-0.343240217507223	2.88219796605299
1.2566370614	2.7227136331	-15.8349052789931	-17.2032954022943	-21.5168941043933	-0.346182884412515	2.74290846687739
1.2566370614	2.7750735107	-16.8984991972621	-19.3226681314742	-20.5865629644075	-0.305632809043242	2.56151274772424
1.2566370614	2.8274333882	-17.7681829278386	-22.3335343415392	-19.6358049049645	-0.171428704888638	2.37538507217267
1.2566370614	2.8797932658	-18.0155719466175	-25.9713078730936	-18.7733629972958	0.184622295544672	2.2140716823862
1.2566370614	2.9321531434	-17.6571044105252	-27.5610461125972	-18.1254848021923	0.851472113008738	2.09055218999287
1.2566370614	2.9845130209	-17.0830220706227	-25.6012081275917	-17.7413894427894	1.36349639976865	2.0079591539669
1.2566370614	3.0368728985	-16.560413640643	-23.445030344527	-17.5561867545994	1.5868841580154	1.96559906531699
1.2566370614	3.089232776	-16.1520463890172	-22.0319189886286	-17.4493747845029	1.68342800308497	1.96196298579436
1.2566370614	3.1415926536	-15.828682972693	-21.2396917207339	-17.3018890034106	1.72947891917518	1.99207945714329
1.308996939	-3.1415926536	-15.8290373895201	-21.9697891260975	-17.0391016570586	-1.43539291614792	-1.15786468046832
1.308996939	-3.089232776	-15.6598025472517	-21.6287437235229	-16.9265469503348	-1.4183395884514	-1.09452810281128
1.308996939	-3.0368728985	-15.5927663314583	-21.7024941554067	-16.8128462833406	-1.4193678875786	-1.00839270844572
1.308996939	-2.9845130209	-15.732440929914	-22.257712658127	-16.8258457292598	-1.43302579436269	-0.893454566324383
1.308996939	-2.9321531434	-16.1463790983918	-23.4969675569492	-17.0297556588687	-1.45371379658019	-0.73529677847333
1.308996939	-2.8797932658	-16.759400751235	-25.8692463186266	-17.3281585063685	-1.46793987538783	-0.51759587696483
1.308996939	-2.8274333882	-17.2086246677337	-30.6363008967767	-17.4104943388004	-1.41876010680994	-0.245302667862481
1.308996939	-2.7750735107	-17.0592379917954	-42.2281092196702	-17.0724679514128	-0.378058410908334	0.0338299469369048
1.308996939	-2.7227136331	-16.3484021847886	-30.5270078672237	-16.5175846725748	1.05573455975768	0.265218301782314
1.308996939	-2.6703537556	-15.5530352861963	-24.2889171749922	-16.176785063486	1.11015301744793	0.433981882388355
1.308996939	-2.617993878	-14.9864289179653	-20.7105303383001	-16.3393246950148	1.07705340856414	0.55797342312966
1.308996939	-2.5656340004	-14.6758171615135	-18.3329051160007	-17.1232856382107	1.02889055031487	0.668348737049536
1.308996939	-2.5132741229	-14.461242309983	-16.6686781560256	-18.4572727831059	0.98279373732894	0.80375233400945
1.308996939	-2.4609142453	-14.1641525310141	-15.4807272040513	-19.9892106128452	0.945316651377428	1.01096894448033
1.308996939	-2.4085543678	-13.7106578235107	-14.63087549089	-20.9015828437259	0.918025265357072	1.30647080513423
1.308996939	-2.3561944902	-13.1430654563523	-14.0230393174776	-20.5087710868802	0.899351549934197	1.60670661121434
1.308996939	-2.3038346126	-12.5594961405639	-13.6027721107436	-19.2645477511833	0.885437349549731	1.81902853485107
1.308996939	-2.2514747351	-12.0335964116212	-13.3315488662049	-17.9116769232426	0.872136497837502	1.95305483088966
1.308996939	-2.1991148575	-11.6096343573353	-13.1947667387269	-16.7553084116892	0.856521517292607	2.05482227468063
1.308996939	-2.14675498	-11.2878730293365	-13.193604870161	-15.7831759003311	0.837743545044163	2.15439531059179
1.308996939	-2.0943951024	-11.0132910388172	-13.3143146961246	-14.8717554495127	0.816842575321025	2.25808527049786
1.308996939	-2.0420352248	-10.7170301597722	-13.5517113650324	-13.9103508589215	0.79650506557883	2.3551422103973
1.308996939	-1.9896753473	-10.3516652980724	-13.8858246926063	-12.8945481379634	0.778752572938213	2.42990300845068
1.308996939	-1.9373154697	-9.91336178286043	-14.2852199299023	-11.8886239332962	0.764888199672343	2.47458590102798
1.308996939	-1.8849555922	-9.43175387472743	-14.712760688625	-10.9585845375628	0.75230781600722	2.4919471426347
1.308996939	-1.8325957146	-8.94273885640038	-15.1317575876745	-10.1374073905009	0.736125203836208	2.49269418453353
1.308996939	-1.780235837	-8.47530063452092	-15.5105000853463	-9.4331000058185	0.712378105457215	2.48855221250733
1.308996939	-1.7278759595	-8.03544431833269	-15.8357036986143	-8.82351709478956	0.677931814361618	2.48859118825269
1.308996939	-1.6755160819	-7.60865081955709	-16.0920913013308	-8.27273221156126	0.632303184056558	2.49575871769961
1.308996939	-1.6231562044	-7.17347303980964	-16.2810591803858	-7.74254703602399	0.578205744303711	2.50887003822309
1.308996939	-1.5707963268	-6.71248907856996	-16.4141912557926	-7.20450920350134	0.519137900921408	2.5224356198818
1.308996939	-1.5184364492	-6.21697167485514	-16.4918803042181	-6.64504826702737	0.455405811830304	2.53123641763662
1.308996939	-1.4660765717	-5.69327361946318	-16.5174802169982	-6.06822625327651	0.384858933269536	2.53200343772063
1.308996939	-1.4137166941	-5.14885606086075	-16.4688800559023	-5.48176147643261	0.303449006759238	2.52553858647652
1.308996939	-1.3613568166	-4.5945046441723	-16.3265925490441	-4.89620312327285	0.209601677227032	2.51503132588652
1.308996939	-1.308996939	-4.03976084535139	-16.0549957540324	-4.32178460783482	0.106302747627436	2.50384807434624
1.308996939	-1.2566370614	-3.49313589921012	-15.6555515301678	-3.7654611176052	0.00284292730801338	2.49352522176028
1.308996939	-1.2042771839	-2.96742717817733	-15.1688466102435	-3.2372403739035	-0.0899123559070088	2.48371968044385
1.308996939	-1.1519173063	-2.47494419872252	-14.6479274156637	-2.74658644287122	-0.163976843386278	2.47218676924601
1.308996939	-1.0995574288	-2.0275389115608	-14.1456006726808	-2.30275006363184	-0.217187436843709	2.45665192493761
1.308996939	-1.0471975512	-1.63133481278597	-13.6812659418277	-1.91104058562136	-0.252899848009725	2.43602096205012
1.308996939	-0.9948376736	-1.28260314447958	-13.2558839913914	-1.56745630307608	-0.278457620724622	2.41152855377026
1.308996939	-0.9424777961	-0.974454280651448	-12.8667401434863	-1.26485304062916	-0.302664443957068	2.38662696906986
1.308996939	-0.8901179185	-0.696719540104756	-12.516443379831	-0.992181288688747	-0.332826621877417	2.36546892433487
1.308996939	-0.837758041	-0.438883943284148	-12.225573227392	-0.736680825754497	-0.373222633136152	2.35142234695996
1.308996939	-0.7853981634	-0.194141035774605	-12.0206681914965	-0.489124230982058	-0.424018425333176	2.34549691881891
1.308996939	-0.7330382858	0.037253877190032	-11.9362128796008	-0.247586679107635	-0.483796903858303	2.34600858012712
1.308996939	-0.6806784083	0.25562664385741	-11.987595484129	-0.0115207865471175	-0.549623600427453	2.34875997851538
1.308996939	-0.6283185307	0.451075697764918	-12.1848697092248	0.207685866559607	-0.621620430003729	2.34915233685586
1.308996939	-0.5759586532	0.621238377073118	-12.4918369750302	0.403816871400719	-0.701588965426927	2.34377447698471
1.308996939	-0.5235987756	0.767312595685652	-12.8474127364623	0.574144961335782	-0.794708853920864	2.33170256616888
1.308996939	-0.47123889804	0.902188984016147	-13.135549859821	0.727315171530272	-0.906967644245474	2.31456273228295
1.308996939	-0.41887902048	1.0468062695191	-13.2289075031594	0.881436863062074	-1.03777013594185	2.29572046665952
1.308996939	-0.36651914292	1.21964288737134	-13.0338287421712	1.0534079191693	-1.18013076468104	2.27895182289078
1.308996939	-0.31415926536	1.43249409237071	-12.564582048555	1.2559413660618	-1.31800717689046	2.26679770991165
1.308996939	-0.2617993878	1.6812122440986	-11.9324714131021	1.48799722583777	-1.43739641411001	2.25928842349991
1.308996939	-0.20943951024	1.94701293026977	-11.2857264433835	1.73564658919584	-1.53081764049054	2.25451503913435
1.308996939	-0.15707963268	2.20165072057434	-10.7431684039145	1.97541291255274	-1.59656250483512	2.24970483177973
1.308996939	-0.10471975512	2.41394368059622	-10.3700095284904	2.17893359094137	-1.6357840515386	2.24243839961071
1.308996939	-0.05235987756	2.5649067980216	-10.1761185743453	2.32749725221119	-1.65036253996132	2.2317388929358
1.308996939	-4.4408920985E-16	2.63644046521402	-10.1333608547665	2.40064211952561	-1.64291827566372	2.21893959650771
1.308996939	0.05235987756	2.63584383040015	-10.2110260856676	2.40430555140531	1.52402539757411	-0.936029815257827
1.308996939	0.10471975512	2.57354601389605	-10.379376434454	2.3477410966354	1.56150686863581	-0.947566009334608
1.308996939	0.15707963268	2.45677782131316	-10.630942664338	2.23805065718965	1.60494432555019	-0.954688602339204
1.308996939	0.20943951024	2.29560764632022	-10.9924911661862	2.08698384044621	1.64989835899666	-0.956333693164552
1.308996939	0.2617993878	2.10533003236835	-11.4972682575654	1.91161002401486	1.69517929287726	-0.953233419137391
1.308996939	0.31415926536	1.87801865816634	-12.158229983357	1.70308360552219	1.7431434428052	-0.945329790202138
1.308996939	0.36651914292	1.62243736955408	-12.9605283000272	1.46856571927776	1.79823841784888	-0.934270415735006
1.308996939	0.41887902048	1.34078090613656	-13.8420415471355	1.20706886608856	1.86428013835204	-0.920263473514147
1.308996939	0.47123889804	1.03787262646354	-14.6896564603165	0.920137828259947	1.93966476803606	-0.902952809926953
1.308996939	0.5235987756	0.721458294265075	-15.401570067713	0.614099316928743	2.01521552537665	-0.881605393270956
1.308996939	0.5759586532	0.396790265175852	-15.9379100604243	0.294598988829824	2.07580776942635	-0.855585572089317
1.308996939	0.6283185307	0.0611287984918009	-16.3453299234543	-0.0393683190020784	2.10873868930101	-0.82525761957317
1.308996939	0.6806784083	-0.301121092275306	-16.712007386387	-0.40151461377836	2.109982558473	-0.791841096872128
1.308996939	0.7330382858	-0.715733387946332	-17.101394631612	-0.816718572177879	2.08295950338629	-0.757584402708288
1.308996939	0.7853981634	-1.21774799090692	-17.5409918217963	-1.32021240860929	2.03633082983854	-0.723867685725868
1.308996939	0.837758041	-1.83697618043696	-17.9844880696241	-1.94372414133608	1.9781035546815	-0.691775521073454
1.308996939	0.8901179185	-2.58749015925558	-18.350775323531	-2.70424651578799	1.91543366091586	-0.660540254268563
1.308996939	0.9424777961	-3.45800407877386	-18.5771525410866	-3.59372215572219	1.85420333967992	-0.628829681427954
1.308996939	0.9948376736	-4.40588605517996	-18.609131775408	-4.57409261259551	1.7961007858335	-0.594718031972354
1.308996939	1.0471975512	-5.37263497246008	-18.4793124285375	-5.59038518453446	1.74160285098641	-0.55690457410525
1.308996939	1.0995574288	-6.28983600208603	-18.2603185246765	-6.57487892069052	1.69058283096523	-0.515629361760623
1.308996939	1.1519173063	-7.12312313913453	-18.0593406776264	-7.48811602250597	1.64405711619788	-0.472014284710212
1.308996939	1.2042771839	-7.88166348666462	-17.953354775914	-8.33134525726587	1.60415943786122	-0.426994646157724
1.308996939	1.2566370614	-8.60581940652984	-17.9719085979814	-9.13989868420954	1.57314232383231	-0.380293638117659
1.308996939	1.308996939	-9.34784893470839	-18.1090291432359	-9.96770450135943	1.55191683340931	-0.328824271889543
1.308996939	1.3613568166	-10.1249296207016	-18.3109540266945	-10.8401720969142	1.53799919613484	-0.269634158486053
1.308996939	1.4137166941	-10.9118985351972	-18.5162124669138	-11.7400351244978	1.52423085605015	-0.201184226181009
1.308996939	1.4660765717	-11.6538342095662	-18.6889020550945	-12.6116660552959	1.49975229725572	-0.127767027759236
1.308996939	1.5184364492	-12.3005698248769	-18.802485710337	-13.4006844711766	1.45396242182839	-0.0595826216405186
1.308996939	1.5707963268	-12.8556527123225	-18.8735947476078	-14.1059263993307	1.38089429431605	-0.00886328917564528
1.308996939	1.6231562044	-13.353516343586	-18.8995053733887	-14.7733780060757	1.28178668523268	0.0177241704487345
1.308996939	1.6755160819	-13.8573249308753	-18.8935338347582	-15.4915661428543	1.1636387467247	0.0227520260149955
1.308996939	1.7278759595	-14.3891823489412	-18.8356732687359	-16.3220390485518	1.03790607074605	0.0164818077298692
1.308996939	1.780235837	-14.9318334611532	-18.7269775717287	-17.2776497375505	0.915048024952441	0.0120242733913284
1.308996939	1.8325957146	-15.4261081953475	-18.5700185936562	-18.3067858383212	0.800932877659765	0.0197176095432355
1.308996939	1.8849555922	-15.7821018818314	-18.3636149415806	-19.2682083441054	0.695491227669703	0.040713462116959
1.308996939	1.9373154697	-15.9304095871044	-18.0990323105861	-19.9856970558622	0.59321693313985	0.0623777097818522
1.308996939	1.9896753473	-15.8683823793293	-17.7720290092371	-20.3674731698149	0.487249169226768	0.0642122484371534
1.308996939	2.0420352248	-15.6466551551289	-17.3698400001509	-20.4943209000363	0.372138243118093	0.0349925946542714
1.308996939	2.0943951024	-15.3510983249259	-16.9006632601536	-20.578613594767	0.248203914699956	-0.0182041047687948
1.308996939	2.14675498	-15.0655295711788	-16.3803943006401	-20.8954199900269	0.120397597154176	-0.0780574711930274
1.308996939	2.1991148575	-14.8305171004151	-15.820369650908	-21.7381851092958	-0.00372186166413363	-0.128370124843985
1.308996939	2.2514747351	-14.6417278442631	-15.2559359845416	-23.4399005590621	-0.116208745496049	-0.158015543032869
1.308996939	2.3038346126	-14.4408395515882	-14.7181587452865	-26.5268051546953	-0.211488754364733	-0.158240764597835
1.308996939	2.3561944902	-14.1755665022265	-14.2407684705121	-32.4433627500405	-0.287607141661456	-0.107922900408975
1.308996939	2.4085543678	-13.8544853788859	-13.8548376800296	-54.7633641114272	-0.345490656519572	1.30041189895299
1.308996939	2.4609142453	-13.5464741857766	-13.5912766378711	-33.4336814256721	-0.387920409876814	2.95570818739079
1.308996939	2.5132741229	-13.3560638955388	-13.5044456463144	-28.0940817404824	-0.41862325906785	3.04030694777113
1.308996939	2.5656340004	-13.3803536662338	-13.6642966586464	-25.3670832419684	-0.440399481379731	3.07026139805654
1.308996939	2.617993878	-13.7018532801559	-14.156066916979	-23.7322223432753	-0.454245555617756	3.03914094533813
1.308996939	2.6703537556	-14.377381050703	-15.0780771465823	-22.6455657902861	-0.457658893581625	2.93204311433997
1.308996939	2.7227136331	-15.3956985673088	-16.5491901003243	-21.7173854666969	-0.443266201537439	2.75262282617573
1.308996939	2.7750735107	-16.5774730106531	-18.7206333180557	-20.6723717603436	-0.393808566354409	2.53500927191833
1.308996939	2.8274333882	-17.4832780088067	-21.7680917618491	-19.5094714604322	-0.265671507012776	2.32839044029534
1.308996939	2.8797932658	-17.6846038420405	-25.5996684776949	-18.4501917287974	0.0561622516016008	2.16357868899469
1.308996939	2.9321531434	-17.298011281583	-27.9757375309253	-17.6864185258063	0.712891858373551	2.04698482975308
1.308996939	2.9845130209	-16.7654068888213	-26.404435544234	-17.2650063688011	1.29189369220242	1.97441346849206
1.308996939	3.0368728985	-16.3381686304271	-24.2264267781373	-17.1089432343641	1.55088356674582	1.94185094120163
1.308996939	3.089232776	-16.0451980432241	-22.7819434921084	-17.0799078734084	1.65933481938852	1.9464599780298
1.308996939	3.1415926536	-15.8290373895201	-21.9697891260975	-17.0391016570586	1.70619973744187	1.98372797312148
1.3613568166	-3.1415926536	-15.8270806966009	-22.7872929469998	-16.8035841653284	-1.46318645704815	-1.1658681868003
1.3613568166	-3.089232776	-15.7393378126245	-22.3826959201961	-16.7995180025767	-1.45499880704779	-1.09656777145479
1.3613568166	-3.0368728985	-15.7206068570166	-22.3457813726378	-16.7858281249028	-1.47462120204932	-1.00348441134324
1.3613568166	-2.9845130209	-15.8839519006314	-22.6892809115399	-16.9003942728341	-1.52045679540589	-0.877527628915378
1.3613568166	-2.9321531434	-16.2791144710656	-23.518782888478	-17.1879075959799	-1.59530019539513	-0.700277294210754
1.3613568166	-2.8797932658	-16.7927663546256	-25.0299425449047	-17.4989144587794	-1.70720967353625	-0.45157578119274
1.3613568166	-2.8274333882	-17.0224048667056	-27.5997016428885	-17.4203277098261	-1.88010631956716	-0.143378721790679
1.3613568166	-2.7750735107	-16.6280473156198	-32.0370013931292	-16.7548752347983	-2.2169361718038	0.157431972968107
1.3613568166	-2.7227136331	-15.8386130648264	-37.4344836435517	-15.868792098616	2.97492676785023	0.390316327399518
1.3613568166	-2.6703537556	-15.1684981349789	-31.734586276949	-15.2653276997922	1.82896119887276	0.550462303254772
1.3613568166	-2.617993878	-14.9149529684104	-26.5567597734917	-15.2232190689648	1.47692770195072	0.663927615006298
1.3613568166	-2.5656340004	-15.0816151839209	-23.2322298662943	-15.8032275876514	1.30026883271219	0.760098146775599
1.3613568166	-2.5132741229	-15.4756658391873	-20.9141502613041	-16.9378249155371	1.18872204278988	0.873934113640659
1.3613568166	-2.4609142453	-15.7493413448073	-19.219931196565	-18.3434943565525	1.11524308604824	1.04228170143768
1.3613568166	-2.4085543678	-15.618610855104	-17.9577845171023	-19.4230460943089	1.06719120638205	1.28722680028433
1.3613568166	-2.3561944902	-15.0754728620328	-17.0057375758772	-19.5265913944835	1.03529726219251	1.56531910899584
1.3613568166	-2.3038346126	-14.3449863522181	-16.3037378348058	-18.7456642503704	1.00998065574522	1.79671288250827
1.3613568166	-2.2514747351	-13.6268847090781	-15.8001633040619	-17.6749929840167	0.984572296712016	1.96437496268299
1.3613568166	-2.1991148575	-13.0295914987983	-15.4786884587971	-16.684528869821	0.954180183318919	2.10056125225522
1.3613568166	-2.14675498	-12.5388340443222	-15.3072893927956	-15.8052444801517	0.918439711182124	2.23325178818833
1.3613568166	-2.0943951024	-12.0828408417766	-15.273623002365	-14.919860688662	0.879921880973282	2.36801423572206
1.3613568166	-2.0420352248	-11.5793611336214	-15.3451767921429	-13.9463064434099	0.842113078680002	2.49221393703329
1.3613568166	-1.9896753473	-10.9987237180677	-15.5093326583035	-12.8960470111047	0.808590951687718	2.58860756742467
1.3613568166	-1.9373154697	-10.3702098040413	-15.7341636060256	-11.8625644317012	0.779772953791965	2.64937639516004
1.3613568166	-1.8849555922	-9.75064877358559	-15.9968568691783	-10.9273647643902	0.752834948417792	2.680305402901
1.3613568166	-1.8325957146	-9.1750810160714	-16.2767928692425	-10.1166238453877	0.724099874858568	2.69270889487406
1.3613568166	-1.780235837	-8.66029232903023	-16.5481969508067	-9.4311355914232	0.687441267048257	2.69900709413894
1.3613568166	-1.7278759595	-8.18657828214487	-16.7839925711875	-8.83211345963798	0.640600756746107	2.70823882013152
1.3613568166	-1.6755160819	-7.72931990127704	-16.9601070567687	-8.28142050567571	0.585090399306615	2.72402693257307
1.3613568166	-1.6231562044	-7.26165547748042	-17.0661016154939	-7.74151226597159	0.526472380657553	2.74374438089262
1.3613568166	-1.5707963268	-6.76751641980413	-17.0889492483459	-7.19080194773593	0.469277202700473	2.76155373292138
1.3613568166	-1.5184364492	-6.24641024627039	-17.0517660026087	-6.62306673813817	0.416684118322745	2.77203328085444
1.3613568166	-1.4660765717	-5.71090488207386	-16.9655730990263	-6.04905965888409	0.366429620849879	2.77248836895032
1.3613568166	-1.4137166941	-5.16973927189847	-16.8388791277675	-5.47600151001241	0.313157947008561	2.76373730783957
1.3613568166	-1.3613568166	-4.62625251299948	-16.6693096192799	-4.90641595859013	0.252019966441249	2.74952158991049
1.3613568166	-1.308996939	-4.09026639861609	-16.4666026664329	-4.34910456642593	0.182705906532744	2.73338623213927
1.3613568166	-1.2566370614	-3.56574128122341	-16.214331721597	-3.80840333943575	0.109514527006916	2.71754409444216
1.3613568166	-1.2042771839	-3.06691224898754	-15.9320266972411	-3.29745365961172	0.0410358455625156	2.70141552416629
1.3613568166	-1.1519173063	-2.6087251321216	-15.6493804698505	-2.82989728982106	-0.0147140895218642	2.68314850550072
1.3613568166	-1.0995574288	-2.20180133068022	-15.3835049800667	-2.4157287291458	-0.0539088698655143	2.66034393323029
1.3613568166	-1.0471975512	-1.85075971387349	-15.1570199261074	-2.05849175669623	-0.0788140053953844	2.63213055331553
1.3613568166	-0.9948376736	-1.55018642110846	-14.9701263686599	-1.75242452379943	-0.0971035589819434	2.59945249240368
1.3613568166	-0.9424777961	-1.28618771061143	-14.8325142232843	-1.48249205296263	-0.119374154149068	2.56546605414468
1.3613568166	-0.8901179185	-1.04023308054455	-14.7553792222397	-1.22888807237431	-0.155513277556363	2.53438683130084
1.3613568166	-0.837758041	-0.801193272854778	-14.7612630153897	-0.979288243635484	-0.211773481226548	2.50955386761383
1.3613568166	-0.7853981634	-0.557149986473125	-14.8606920265318	-0.721442909782766	-0.289177558676167	2.49207174789877
1.3613568166	-0.7330382858	-0.309862720305533	-15.0590063593543	-0.457858289168628	-0.384922114214352	2.48017041943488
1.3613568166	-0.6806784083	-0.065380131788424	-15.3654413192006	-0.195476986575607	-0.495442887241405	2.46998239692408
1.3613568166	-0.6283185307	0.165311956221157	-15.7585773837618	0.052849814457329	-0.618166451619739	2.45714991852444
1.3613568166	-0.5759586532	0.373578788855853	-16.1813977924309	0.276498372114283	-0.754414447119636	2.43861899297116
1.3613568166	-0.5235987756	0.560613468103166	-16.5231078521251	0.474771990716959	-0.906573481245314	2.41366866919071
1.3613568166	-0.47123889804	0.738014986288469	-16.6147472690399	0.657378110844577	-1.07528165248195	2.3842563829105
1.3613568166	-0.41887902048	0.925559733465013	-16.3126030470592	0.84274604313265	-1.25026610932117	2.35382010083704
1.3613568166	-0.36651914292	1.13937587575367	-15.6105833556387	1.04660348461065	-1.41310612436633	2.32635262391943
1.3613568166	-0.31415926536	1.3875286768476	-14.6592083328712	1.27824295176398	-1.54905286329219	2.30404767370099
1.3613568166	-0.2617993878	1.66366863165261	-13.6716425884819	1.53463922899508	-1.65380129604775	2.2872217748658
1.3613568166	-0.20943951024	1.9479149105065	-12.8069694560859	1.80011820519006	-1.73022806724047	2.27391240027165
1.3613568166	-0.15707963268	2.21181792276969	-12.1565580589877	2.05000536578227	-1.78238226695457	2.26122690840189
1.3613568166	-0.10471975512	2.42867070055768	-11.7524115296849	2.25958656306437	-1.81312864932587	2.2466208896156
1.3613568166	-0.05235987756	2.56994476058749	-11.5806341471157	2.39964518129653	-1.82412905397937	2.23001641998862
1.3613568166	-4.4408920985E-16	2.63715740378808	-11.6002132588766	2.4702929800465	-1.81682620247329	2.21074582172517
1.3613568166	0.05235987756	2.62397794083829	-11.7539550613006	2.46252776891269	1.34766965460876	-0.949951504159282
1.3613568166	0.10471975512	2.5333436605519	-12.0098296049986	2.37803004762636	1.3810217970358	-0.966425258444114
1.3613568166	0.15707963268	2.3870767544489	-12.3533021197058	2.23877704177505	1.41891302808893	-0.979064298301643
1.3613568166	0.20943951024	2.19442107468575	-12.8261795337846	2.05553781278803	1.45622752476687	-0.986777787589745
1.3613568166	0.2617993878	1.95810767883417	-13.470688214436	1.83186636734723	1.49168083052466	-0.989532159631503
1.3613568166	0.31415926536	1.68387316490014	-14.3395509507807	1.5739917131877	1.5278649742329	-0.988300663283159
1.3613568166	0.36651914292	1.38030319557576	-15.4525511296473	1.28930329263829	1.57101676518646	-0.984825993033892
1.3613568166	0.41887902048	1.04731053087641	-16.7819785303591	0.975123403114649	1.62887064817596	-0.979248769531921
1.3613568166	0.47123889804	0.692560997424807	-18.221234530449	0.636429281136312	1.70639008782745	-0.971323382253772
1.3613568166	0.5235987756	0.322753586288893	-19.625606656943	0.278580773407509	1.79890894648173	-0.960014840671899
1.3613568166	0.5759586532	-0.0568946215667761	-20.8710335216765	-0.0930503364403233	1.88712829399511	-0.944378095764003
1.3613568166	0.6283185307	-0.448492680506404	-21.9943123896652	-0.479022761058163	1.9448079067149	-0.924526695959536
1.3613568166	0.6806784083	-0.86459770355241	-23.1484500990709	-0.890342274858643	1.95196977312204	-0.901765433320366
1.3613568166	0.7330382858	-1.33141259566146	-24.495915640762	-1.35242056048803	1.89864923436245	-0.878152525566098
1.3613568166	0.7853981634	-1.88139169230957	-26.0916992799828	-1.89789528401652	1.77815754042828	-0.856016136431529
1.3613568166	0.837758041	-2.54459228075127	-27.756550131751	-2.557691436906	1.58144809749027	-0.836773859828876
1.3613568166	0.8901179185	-3.33864452646433	-28.9735616834696	-3.350526444606	1.31818499727296	-0.820347509135853
1.3613568166	0.9424777961	-4.25825924499439	-29.1763543644525	-4.27227690408673	1.05297019070239	-0.805289124101183
1.3613568166	0.9948376736	-5.26494628366348	-28.4065468125137	-5.28606559712272	0.866452703089541	-0.789166832133952
1.3613568166	1.0471975512	-6.2975274977502	-27.140665073678	-6.33344160054563	0.771722405342673	-0.76897733584104
1.3613568166	1.0995574288	-7.28669479149539	-25.7760446209129	-7.34863069009316	0.732988543773308	-0.742705982584382
1.3613568166	1.1519173063	-8.18515201449626	-24.55826614929	-8.2864328082009	0.715189091800041	-0.710062351467428
1.3613568166	1.2042771839	-8.99340240033036	-23.6294613211556	-9.1453712958356	0.701213494460073	-0.672279207605131
1.3613568166	1.2566370614	-9.76480989763342	-23.0475164677783	-9.97369922814176	0.686918692832807	-0.630511593492676
1.3613568166	1.308996939	-10.5640461624947	-22.7922382686776	-10.8321489189575	0.674288632566361	-0.583465935931001
1.3613568166	1.3613568166	-11.4320107754473	-22.7686838195805	-11.7635925226093	0.665289419768318	-0.530054435697642
1.3613568166	1.4137166941	-12.3543767536183	-22.8329680322111	-12.7618898040009	0.657579620216405	-0.468506652550608
1.3613568166	1.4660765717	-13.25934280405	-22.8210747184372	-13.7684606997594	0.642449472917727	-0.401758374375553
1.3613568166	1.5184364492	-14.0437811387163	-22.6148610253741	-14.6935514260624	0.606630027928854	-0.337853261976484
1.3613568166	1.5707963268	-14.6578852466891	-22.1796029513935	-15.503575031728	0.54114687973918	-0.290086943115658
1.3613568166	1.6231562044	-15.1068470936673	-21.5545592358162	-16.2227142421704	0.447761520942186	-0.267086658970114
1.3613568166	1.6755160819	-15.4543114062285	-20.8155902368117	-16.9477633906598	0.337556077551348	-0.268875093657418
1.3613568166	1.7278759595	-15.7485261824417	-20.0487719635701	-17.7655715085356	0.223806445247481	-0.285532220641174
1.3613568166	1.780235837	-16.0074819877686	-19.3120114040629	-18.742227655572	0.11722747635524	-0.30347327383635
1.3613568166	1.8325957146	-16.1889786740896	-18.6338545222276	-19.8494943321742	0.0236451662852844	-0.309287334416423
1.3613568166	1.8849555922	-16.21259850861	-17.9997049783226	-20.9318925401369	-0.0559241237056263	-0.295626071832568
1.3613568166	1.9373154697	-16.0218480572639	-17.3779734359387	-21.7371254517177	-0.124024808251034	-0.268501649888647
1.3613568166	1.9896753473	-15.6170567585048	-16.7310808376487	-22.0710658927291	-0.185347956278466	-0.247749251836306
1.3613568166	2.0420352248	-15.0651144395401	-16.0495627504382	-21.9939584886171	-0.244516962220915	-0.251874472563041
1.3613568166	2.0943951024	-14.4735741476395	-15.3624610153963	-21.7998179458497	-0.304766589252712	-0.280851360123949
1.3613568166	2.14675498	-13.9386660480154	-14.7042255762243	-21.853877793075	-0.366022662720502	-0.322729228470423
1.3613568166	2.1991148575	-13.5234129744516	-14.1108921672102	-22.5017600635633	-0.425862900245646	-0.366685444016728
1.3613568166	2.2514747351	-13.2370402802449	-13.6088535465733	-24.0962149556692	-0.480318446580989	-0.411162498368963
1.3613568166	2.3038346126	-13.0469519761212	-13.218678075597	-27.1620121575518	-0.52596417440524	-0.474460181761837
1.3613568166	2.3561944902	-12.8983322883572	-12.9405858511479	-33.0386517114509	-0.55982198076486	-0.669976066848391
1.3613568166	2.4085543678	-12.7632997841196	-12.7712882126257	-40.1205229716201	-0.581245145954162	-2.06950373227453
1.3613568166	2.4609142453	-12.6762866278623	-12.7306750958898	-31.7262273333985	-0.590644931586402	-2.90814075057388
1.3613568166	2.5132741229	-12.6867592250748	-12.8377311609939	-27.3509073937697	-0.591042492603625	-3.01199865383605
1.3613568166	2.5656340004	-12.8814642434223	-13.1572164664944	-24.9912637401692	-0.584974972075331	-3.05300754864169
1.3613568166	2.617993878	-13.3406543492647	-13.7668766646314	-23.6335040027101	-0.574063881985628	-3.12928511568431
1.3613568166	2.6703537556	-14.1287952091905	-14.7669153834645	-22.7727676666225	-0.556521854821538	3.00257575670741
1.3613568166	2.7227136331	-15.2347562774772	-16.2791244630023	-21.9357878496096	-0.526395421478794	2.77343192134638
1.3613568166	2.7750735107	-16.4553472014923	-18.4619682566167	-20.7732847550176	-0.468667804425835	2.51289280694882
1.3613568166	2.8274333882	-17.2999904294695	-21.4882823866888	-19.3845977282721	-0.344948058122273	2.28499025120448
1.3613568166	2.8797932658	-17.3834170726687	-25.3906093679583	-18.1314674888574	-0.0549929305789125	2.11792363973784
1.3613568166	2.9321531434	-16.9453892480103	-28.4259997062441	-17.2657527084036	0.571099697116051	2.00819520312869
1.3613568166	2.9845130209	-16.449713071714	-27.3581464230615	-16.8171504402087	1.21104265539733	1.94454466356907
1.3613568166	3.0368728985	-16.1189492113779	-25.1577941411082	-16.6977348581976	1.5100764303106	1.92057206903785
1.3613568166	3.089232776	-15.9415199417634	-23.6499334191213	-16.7481010212957	1.63140524229033	1.93252903751731
1.3613568166	3.1415926536	-15.8270806966009	-22.7872929469998	-16.8035841653284	1.67840619654164	1.97572446678949
1.4137166941	-3.1415926536	-15.8267799868243	-23.7074683056856	-16.5990261909347	-1.49714369404318	-1.17340517127606
1.4137166941	-3.089232776	-15.8190504382993	-23.1943482044931	-16.6968727316336	-1.49904426484995	-1.09913813676125
1.4137166941	-3.0368728985	-15.8533170374045	-22.9859302389948	-16.7874117937948	-1.53748002699294	-0.999923714196669
1.4137166941	-2.9845130209	-16.0363965382182	-23.0242960715424	-17.0059469124664	-1.61092220837636	-0.864628935949377
1.4137166941	-2.9321531434	-16.405796242615	-23.3002171602956	-17.3990463862541	-1.72094432446236	-0.669358039519058
1.4137166941	-2.8797932658	-16.7807085663543	-23.816875995658	-17.738269120588	-1.86879326144356	-0.390024316961386
1.4137166941	-2.8274333882	-16.7229766009989	-24.5779670620947	-17.5002414809544	-2.05345967662333	-0.0471871660606026
1.4137166941	-2.7750735107	-16.0203310406373	-25.6037416423897	-16.5267601663609	-2.27293011058852	0.271485128386709
1.4137166941	-2.7227136331	-15.0613476662183	-26.962435157621	-15.3511384257198	-2.53077536819414	0.503356256579808
1.4137166941	-2.6703537556	-14.3792613156285	-28.7225047842125	-14.5420308124964	-2.85316883578922	0.656411201753668
1.4137166941	-2.617993878	-14.2245967401383	-30.5915731105245	-14.3260224580894	2.97464086978496	0.761479259394037
1.4137166941	-2.5656340004	-14.6401625149964	-31.0804568760436	-14.7398706850127	2.36100582262603	0.849502032971287
1.4137166941	-2.5132741229	-15.4935016600544	-29.1823567832216	-15.683327584911	1.82814495607653	0.949952780896932
1.4137166941	-2.4609142453	-16.4626345142668	-26.6010376350155	-16.9051000654609	1.52101945169789	1.09280535643777
1.4137166941	-2.4085543678	-17.0578334603511	-24.4063851380071	-17.9416695868858	1.35929699917015	1.29641999182281
1.4137166941	-2.3561944902	-16.9607111026838	-22.7327106669915	-18.2962314180956	1.26728228496195	1.53654164090322
1.4137166941	-2.3038346126	-16.3363677946862	-21.5098464469268	-17.9093085050056	1.20387877931797	1.75763156396673
1.4137166941	-2.2514747351	-15.5814456578028	-20.6576695837803	-17.1975267480885	1.14657021275999	1.93745017547305
1.4137166941	-2.1991148575	-14.9047645137535	-20.0968917062645	-16.4695908845617	1.08458052956481	2.09482462162449
1.4137166941	-2.14675498	-14.3188303334651	-19.7529605004642	-15.7827335696144	1.01539089171231	2.25332181194737
1.4137166941	-2.0943951024	-13.7170951870484	-19.5578302589967	-15.0281318492646	0.942691769102541	2.41766769818783
1.4137166941	-2.0420352248	-12.9895716244441	-19.4616677303738	-14.0983209818218	0.873506804318709	2.57074244995959
1.4137166941	-1.9896753473	-12.1436971815351	-19.439368093525	-13.0395580010526	0.813708091414177	2.69191247588029
1.4137166941	-1.9373154697	-11.2674153418546	-19.4848478231011	-11.9770587765174	0.764538670089867	2.77258867509811
1.4137166941	-1.8849555922	-10.4499558860664	-19.5974868595262	-11.013466543763	0.721829722018294	2.81915660436515
1.4137166941	-1.8325957146	-9.73509747145265	-19.7713426957725	-10.188663739103	0.677539886585737	2.84474977589896
1.4137166941	-1.780235837	-9.1185998178491	-19.9842363325604	-9.48983596154872	0.623695786141134	2.86270317432302
1.4137166941	-1.7278759595	-8.57046390760421	-20.1927701632936	-8.88016794583711	0.556832750614273	2.88211834920247
1.4137166941	-1.6755160819	-8.04726323414563	-20.3433356436665	-8.31107921364238	0.480490270761117	2.90609829419357
1.4137166941	-1.6231562044	-7.51899366951049	-20.3960679317091	-7.74888399660126	0.404823058639724	2.93180146266298
1.4137166941	-1.5707963268	-6.97316663975954	-20.3450120393829	-7.17771068190883	0.34044120408729	2.95327174636543
1.4137166941	-1.5184364492	-6.41463155619683	-20.2156381308714	-6.59951369963115	0.292311043575657	2.96516190697375
1.4137166941	-1.4660765717	-5.85605876405615	-20.0390729425101	-6.02506621922958	0.257062962563086	2.96533123644549
1.4137166941	-1.4137166941	-5.30461478512455	-19.8433784668573	-5.46008903304595	0.225135171485468	2.95528409916246
1.4137166941	-1.3613568166	-4.76138635865248	-19.6495118379386	-4.90464304736773	0.18712975560618	2.93881598655993
1.4137166941	-1.308996939	-4.22930161387434	-19.451891789829	-4.3617760806218	0.138073186275118	2.91985907942623
1.4137166941	-1.2566370614	-3.71465861170734	-19.2703804099431	-3.83721201957066	0.0817179813948507	2.90049972960031
1.4137166941	-1.2042771839	-3.23015808116571	-19.0982006508567	-3.34409499332034	0.0270087598448633	2.88057372367867
1.4137166941	-1.1519173063	-2.79149861711765	-18.9604984077944	-2.89771322225466	-0.0153492825806964	2.85790463474822
1.4137166941	-1.0995574288	-2.4100771185252	-18.8705073679955	-2.50931875545992	-0.039118873945085	2.83035382144473
1.4137166941	-1.0471975512	-2.08988544406822	-18.8298390084359	-2.18287412626471	-0.0461090297963528	2.79678709676283
1.4137166941	-0.9948376736	-1.8203083534872	-18.8599330004433	-1.90703467909716	-0.0469890898240454	2.75824142928287
1.4137166941	-0.9424777961	-1.58147506731618	-18.9622886626063	-1.66158796474864	-0.0580856982156632	2.71743028294776
1.4137166941	-0.8901179185	-1.35245698940379	-19.1789958238379	-1.42469022748604	-0.0966811866211199	2.67841926234887
1.4137166941	-0.837758041	-1.11355770457928	-19.5238948941319	-1.17663903454156	-0.176136394750362	2.64470424198622
1.4137166941	-0.7853981634	-0.857207602781279	-19.9834092574263	-0.910643511806706	-0.303569594505027	2.61726731095624
1.4137166941	-0.7330382858	-0.584674684519199	-20.4850358806476	-0.62934094462165	-0.47821337347154	2.59481180357246
1.4137166941	-0.6806784083	-0.306249571892311	-20.9173427949956	-0.344143384399133	-0.690953122758454	2.57353084477129
1.4137166941	-0.6283185307	-0.039905614349539	-21.1600353485406	-0.0735920118510384	-0.926563767255819	2.54936643318575
1.4137166941	-0.5759586532	0.20625505858055	-21.1048774493375	0.174023475038815	-1.16660538005277	2.51965685437905
1.4137166941	-0.5235987756	0.429858246984885	-20.6651711339006	0.395975829240061	-1.39192774744378	2.48402708841562
1.4137166941	-0.47123889804	0.643467253434822	-19.8186907010588	0.60424539817281	-1.58432145737003	2.44442988998471
1.4137166941	-0.41887902048	0.864209520060959	-18.6557196448637	0.815431065697014	-1.73332563410508	2.40449408793243
1.4137166941	-0.36651914292	1.10768593556163	-17.3283243284411	1.04497910450058	-1.84042085121738	2.36804423126473
1.4137166941	-0.31415926536	1.3797156716836	-16.009996713038	1.29976827795668	-1.91540094513019	2.33731960479893
1.4137166941	-0.2617993878	1.67228229165142	-14.8386344638337	1.57420070434942	-1.96883147320689	2.3125283590408
1.4137166941	-0.20943951024	1.9648215297075	-13.9144371955209	1.85118237174349	-2.00856274514967	2.29164072614789
1.4137166941	-0.15707963268	2.23085514155935	-13.2707077354715	2.1067416714499	-2.03745281086065	2.27187372193792
1.4137166941	-0.10471975512	2.44319432125304	-12.9184118980514	2.31495539947312	-2.05601621349655	2.25086109736336
1.4137166941	-0.05235987756	2.58399834646153	-12.8278368041464	2.45725577528303	-2.06343270235616	2.22747064487975
1.4137166941	-4.4408920985E-16	2.63790302933938	-12.9472443753074	2.51618888078947	-2.05827258171921	2.20274039898892
1.4137166941	0.05235987756	2.60733379086564	-13.2118846999083	2.49209151284904	1.10092591936962	-0.963390805566021
1.4137166941	0.10471975512	2.50122795609511	-13.5731893280586	2.39264531438823	1.1272941252818	-0.98563642653218
1.4137166941	0.15707963268	2.32867624937515	-14.0209364236306	2.22683940425925	1.15641820041915	-1.00376441461178
1.4137166941	0.20943951024	2.09746006899415	-14.5864317214736	2.00325004416487	1.18227460822403	-1.01675888994655
1.4137166941	0.2617993878	1.82684601937959	-15.3433534404846	1.74271344012201	1.20131659425848	-1.02560583133168
1.4137166941	0.31415926536	1.50835495935227	-16.3772910267948	1.43710620431584	1.21409262563	-1.03074017565546
1.4137166941	0.36651914292	1.15694053512015	-17.7708516694037	1.1009906003864	1.22484767885206	-1.03419921727739
1.4137166941	0.41887902048	0.773472596941299	-19.5714738766018	0.733172777833245	1.24112925008042	-1.03627170314714
1.4137166941	0.47123889804	0.364206380337584	-21.7963779701187	0.337718353702517	1.27183630372379	-1.0369752168047
1.4137166941	0.5235987756	-0.0643419728727636	-24.4063143360794	-0.0803518250383032	1.3227966554752	-1.03491183277659
1.4137166941	0.5759586532	-0.506577448869095	-27.3417965941514	-0.515587200238198	1.38554850972531	-1.02919391639552
1.4137166941	0.6283185307	-0.962382973861571	-30.6754796396619	-0.967024990843393	1.41668394770502	-1.01950746537461
1.4137166941	0.6806784083	-1.44523763730486	-34.9060839731141	-1.44719556915239	1.29361993623144	-1.00697542032999
1.4137166941	0.7330382858	-1.97441576187075	-39.5105463395134	-1.97518172797455	0.607953819097386	-0.994179025763926
1.4137166941	0.7853981634	-2.58227060235087	-36.1259784785584	-2.58419152362428	-0.363506052306721	-0.983690040888523
1.4137166941	0.837758041	-3.29882732747788	-31.2401463268373	-3.30580967534513	-0.68100725955026	-0.977883430427291
1.4137166941	0.8901179185	-4.13777304408585	-28.0853521797249	-4.15530792605258	-0.788806206178303	-0.977334215183647
1.4137166941	0.9424777961	-5.09383997591834	-26.1062980212186	-5.12837534733485	-0.821826262750971	-0.980741471130303
1.4137166941	0.9948376736	-6.13465144000497	-24.9032380383675	-6.19270449389427	-0.806539279687527	-0.985509582620631
1.4137166941	1.0471975512	-7.19895106874404	-24.1787913826831	-7.2868917640444	-0.750613656423218	-0.987029359278865
1.4137166941	1.0995574288	-8.22346441693183	-23.684139340301	-8.34876900834271	-0.664501442266291	-0.981343311425834
1.4137166941	1.1519173063	-9.15791466571786	-23.2423424978776	-9.33088082153072	-0.567898936969165	-0.9656590528145
1.4137166941	1.2042771839	-9.99794481526529	-22.8179439152825	-10.2309593640657	-0.484310417928442	-0.941259877988614
1.4137166941	1.2566370614	-10.79559406937	-22.4764477862497	-11.1010016659189	-0.428014289092313	-0.910351329505128
1.4137166941	1.308996939	-11.6259138002783	-22.2935977352687	-12.0152617445319	-0.400360566718666	-0.874628311588309
1.4137166941	1.3613568166	-12.5496430628089	-22.273998580533	-13.0389536426121	-0.393631766198074	-0.834912919302345
1.4137166941	1.4137166941	-13.5622125388038	-22.3406426216622	-14.1794277691973	-0.397258583381171	-0.79046322101321
1.4137166941	1.4660765717	-14.5812106835637	-22.3480376720521	-15.3759662155533	-0.402310834040423	-0.741370136984273
1.4137166941	1.5184364492	-15.4679631124978	-22.1379503937153	-16.5208092777763	-0.40618501022752	-0.693365824874392
1.4137166941	1.5707963268	-16.0836903073179	-21.6190454205209	-17.5076712208829	-0.413783392828997	-0.658212544411063
1.4137166941	1.6231562044	-16.3860401408082	-20.8231842710129	-18.3241452638078	-0.432569027845185	-0.647541318912741
1.4137166941	1.6755160819	-16.433140884579	-19.8729963387847	-19.0525741861196	-0.465410495262522	-0.664574218671116
1.4137166941	1.7278759595	-16.332645625933	-18.9028445400135	-19.8327268845881	-0.509187228531038	-0.7036681612429
1.4137166941	1.780235837	-16.1628423229977	-18.0034153349897	-20.7789879199906	-0.557319004787582	-0.752443066416068
1.4137166941	1.8325957146	-15.9475112207646	-17.2151828221751	-21.9137158109072	-0.602937674131961	-0.796063253465958
1.4137166941	1.8849555922	-15.6625726401612	-16.5259844198416	-23.1027920899743	-0.640605231600046	-0.817442995243733
1.4137166941	1.9373154697	-15.2782719274051	-15.8980886307472	-24.0397054660641	-0.66792362660848	-0.803074483511802
1.4137166941	1.9896753473	-14.792301370991	-15.2985980571538	-24.3767829396442	-0.686466627031085	-0.757656775816826
1.4137166941	2.0420352248	-14.2239955310249	-14.6992073468823	-24.0684058614492	-0.700024097239173	-0.710099030683495
1.4137166941	2.0943951024	-13.6340060689234	-14.1065343332854	-23.5016934150961	-0.712863774035056	-0.685655790396399
1.4137166941	2.14675498	-13.1067760748468	-13.5557195512968	-23.1852407515725	-0.728461444776025	-0.689953099022435
1.4137166941	2.1991148575	-12.7069019736932	-13.0819575686935	-23.5299669114401	-0.747127151104535	-0.721442969031204
1.4137166941	2.2514747351	-12.4598917323752	-12.7176814337398	-24.8533364994202	-0.765828784536064	-0.791085525904483
1.4137166941	2.3038346126	-12.33728143027	-12.4730819122848	-27.4538347389798	-0.780641964804668	-0.94942259403183
1.4137166941	2.3561944902	-12.300507150817	-12.357741521031	-31.1303669372222	-0.787451539626259	-1.37251780370651
1.4137166941	2.4085543678	-12.3107217031795	-12.3602947171491	-31.7608745038127	-0.783637615769321	-2.17695334317961
1.4137166941	2.4609142453	-12.3707052439854	-12.4796808576501	-28.4296289948575	-0.768440529504468	-2.64984992027677
1.4137166941	2.5132741229	-12.5207806761153	-12.7332984845818	-25.7304961084567	-0.744342143366071	-2.81286886903444
1.4137166941	2.5656340004	-12.8258282885868	-13.163438451653	-24.0872278791724	-0.713563316671105	-2.89925424676941
1.4137166941	2.617993878	-13.3652601388122	-13.8408314751912	-23.2065625469176	-0.680120527685825	-3.01075694680225
1.4137166941	2.6703537556	-14.2137976119273	-14.8733427922316	-22.7247951725628	-0.643057740642605	3.08112354973569
1.4137166941	2.7227136331	-15.3456163281958	-16.3802302521223	-22.0827182882392	-0.597710815932814	2.80022729810438
1.4137166941	2.7750735107	-16.512305359496	-18.5136935253043	-20.8391673538629	-0.531386505425108	2.49401624183361
1.4137166941	2.8274333882	-17.199974702456	-21.466332802069	-19.2371769755882	-0.411949468705791	2.24560879178035
1.4137166941	2.8797932658	-17.1097679264811	-25.3355947719417	-17.8179229776953	-0.153103229213804	2.07759260309291
1.4137166941	2.9321531434	-16.6038449782987	-28.8946751201545	-16.8679894855875	0.422917401645417	1.97428732801972
1.4137166941	2.9845130209	-16.1446664984572	-28.4873790432555	-16.4055780606891	1.11404026279052	1.91864102013957
1.4137166941	3.0368728985	-15.9101753573175	-26.2742337667571	-16.3291206925015	1.46125112158244	1.90205896597014
1.4137166941	3.089232776	-15.8401159208578	-24.6626345561475	-16.4506374386273	1.5977747218262	1.91989097301049
1.4137166941	3.1415926536	-15.8267799868243	-23.7074683056856	-16.5990261909347	1.64444895954661	1.96818748231373
1.4660765717	-3.1415926536	-15.8277627301674	-24.7497349270298	-16.4234687431114	-1.53970867949667	-1.18057122757044
1.4660765717	-3.089232776	-15.8990012987277	-24.0670374844309	-16.6174720544522	-1.55236390938652	-1.10218009459628
1.4660765717	-3.0368728985	-15.9922047125505	-23.6136215707542	-16.8167568842942	-1.60806668120515	-0.997501392159778
1.4660765717	-2.9845130209	-16.1966800008364	-23.2624008183869	-17.1469810546509	-1.70060118590354	-0.853930611276816
1.4660765717	-2.9321531434	-16.5280726517218	-22.9361311736594	-17.6556258223189	-1.82305278459958	-0.642065827572088
1.4660765717	-2.8797932658	-16.7343335589257	-22.6032508995333	-18.0354823392467	-1.96323106769891	-0.332797865442517
1.4660765717	-2.8274333882	-16.3655430730791	-22.2929375317619	-17.6464488017009	-2.10496309451623	0.0432478273751339
1.4660765717	-2.7750735107	-15.3556008202206	-22.0930696755203	-16.3901160548595	-2.23333499472786	0.376768654661051
1.4660765717	-2.7227136331	-14.2094510153229	-22.1245793718624	-14.9750266183482	-2.33957753035291	0.606821331139919
1.4660765717	-2.6703537556	-13.424458531582	-22.5008534640512	-13.9979174379862	-2.42216045323369	0.753859523451354
1.4660765717	-2.617993878	-13.200938225492	-23.3109901553426	-13.6464555232088	-2.48637902589998	0.854184418470729
1.4660765717	-2.5656340004	-13.5588792583552	-24.6193310773872	-13.9131474274369	-2.54457364281064	0.937914100022856
1.4660765717	-2.5132741229	-14.4054483142091	-26.4846147995429	-14.6832162020062	-2.61846897410083	1.03195758815231
1.4660765717	-2.4609142453	-15.5061987553905	-28.9313027445991	-15.7081908501692	-2.74665096619553	1.16048896121471
1.4660765717	-2.4085543678	-16.4797847332086	-31.8137184219886	-16.6088556833059	-2.99549648349448	1.33583045903701
1.4660765717	-2.3561944902	-16.9248070444748	-34.2742418050172	-17.0055063040814	2.84884770957311	1.54062830504504
1.4660765717	-2.3038346126	-16.7850909536419	-34.9426617618295	-16.8519819224636	2.31154250563123	1.73706630768377
1.4660765717	-2.2514747351	-16.3501842439787	-34.3448986974246	-16.419651734524	1.86534999474784	1.9081899053317
1.4660765717	-2.1991148575	-15.8944357723059	-33.6598296474086	-15.9677018730499	1.50167954658041	2.06824166240075
1.4660765717	-2.14675498	-15.4574220164417	-32.9758674914776	-15.5350134109862	1.16203838007594	2.23750454549629
1.4660765717	-2.0943951024	-14.900060412894	-32.0070405622484	-14.9854388547795	0.854477527803124	2.41975234520537
1.4660765717	-2.0420352248	-14.0916694389928	-30.8169528365077	-14.1849761659034	0.619805275116013	2.59634395327706
1.4660765717	-1.9896753473	-13.0808967189177	-29.7160471140831	-13.1761817794321	0.467343181001975	2.74089667565621
1.4660765717	-1.9373154697	-12.0240445603004	-28.9090338994794	-12.1139472651354	0.373721699109326	2.84101781248689
1.4660765717	-1.8849555922	-11.0528237104468	-28.4274668393465	-11.1330515719755	0.304978357616631	2.90313282431974
1.4660765717	-1.8325957146	-10.2187630164235	-28.2007341626702	-10.2884362878709	0.229640821935526	2.94156852970026
1.4660765717	-1.780235837	-9.51007550530278	-28.0941120577179	-9.57066630350003	0.125898283493612	2.97049640393082
1.4660765717	-1.7278759595	-8.88938407329369	-27.9302958971009	-8.9438864445297	-0.00859435609889325	2.99922434244034
1.4660765717	-1.6755160819	-8.30824293565355	-27.5843307453986	-8.35985528068208	-0.152110457027418	3.03059137156029
1.4660765717	-1.6231562044	-7.73190895603595	-27.0992685807392	-7.78244165959256	-0.272607467885712	3.06162103456231
1.4660765717	-1.5707963268	-7.15179941722561	-26.6311358402383	-7.20103853908285	-0.350659128914936	3.08643983109358
1.4660765717	-1.5184364492	-6.57081842819458	-26.2970561331405	-6.6173217129437	-0.38545227322451	3.10002141880074
1.4660765717	-1.4660765717	-6.00380361682398	-26.1072889414788	-6.04641884300412	-0.390859741341688	3.10074006944541
1.4660765717	-1.4137166941	-5.45000000932965	-25.9996956638498	-5.48843573764772	-0.387731161453361	3.09057273963168
1.4660765717	-1.3613568166	-4.90892412790495	-25.9092950736588	-4.94355613536891	-0.397813683654184	3.07360833758315
1.4660765717	-1.308996939	-4.37926741527129	-25.7960402586907	-4.41072162572759	-0.43366008835185	3.05382869464652
1.4660765717	-1.2566370614	-3.86752273342463	-25.667725432513	-3.8963101449944	-0.492679749439863	3.03338433666612
1.4660765717	-1.2042771839	-3.38812687799597	-25.583916147013	-3.41440040629386	-0.558458203133637	3.01196357358392
1.4660765717	-1.1519173063	-2.95623727054598	-25.6504229201671	-2.97965453083376	-0.61256295915121	2.98751833378666
1.4660765717	-1.0995574288	-2.58622464123633	-25.9641402426884	-2.60622290446976	-0.64187175651676	2.95777882388097
1.4660765717	-1.0471975512	-2.27971865978195	-26.5569111801443	-2.29596955727056	-0.645798681473102	2.92151086886701
1.4660765717	-0.9948376736	-2.02348625197193	-27.3674348784075	-2.03619271323533	-0.64055845288766	2.87944303352138
1.4660765717	-0.9424777961	-1.79331643134982	-28.2616016771065	-1.80312139397657	-0.665765694554872	2.83439813423495
1.4660765717	-0.8901179185	-1.56388146391504	-29.0221266541463	-1.5716860515806	-0.780802765437712	2.7902416204028
1.4660765717	-0.837758041	-1.31469638732392	-29.1832202886141	-1.32179685404256	-1.02647696014506	2.75023194792125
1.4660765717	-0.7853981634	-1.03692801055749	-28.1894931794453	-1.04530227054975	-1.35164842084051	2.71593593192216
1.4660765717	-0.7330382858	-0.736717940070596	-26.279335305807	-0.748855441902929	-1.64188065271055	2.68569607918446
1.4660765717	-0.6806784083	-0.429649088243791	-24.2255434133952	-0.447808531711848	-1.85570951568623	2.65609471145683
1.4660765717	-0.6283185307	-0.132481416705506	-22.4501651208644	-0.158025629623455	-2.01101999055396	2.62349493745051
1.4660765717	-0.5759586532	0.140489329815147	-21.0064382885431	0.107010953019454	-2.12752703107213	2.5854014713612
1.4660765717	-0.5235987756	0.389293133355227	-19.8080924633861	0.347593805976812	-2.21392575923921	2.54170519708498
1.4660765717	-0.47123889804	0.626277753378748	-18.7380928756827	0.575710055805188	-2.27232199886892	2.49447907913827
1.4660765717	-0.41887902048	0.866843379083985	-17.7075251553904	0.806116598342702	-2.30555806369028	2.44737945296417
1.4660765717	-0.36651914292	1.12681138036889	-16.6830245980888	1.05429746348022	-2.31974601091062	2.40399804890211
1.4660765717	-0.31415926536	1.40937661281268	-15.6999835860695	1.32404541033713	-2.32472580926473	2.36663733679821
1.4660765717	-0.2617993878	1.70579915371996	-14.8285163827021	1.60825054977934	-2.32812076283035	2.33521606766745
1.4660765717	-0.20943951024	1.99743255679499	-14.136822225886	1.89035418687434	-2.33495175369403	2.30782678797624
1.4660765717	-0.15707963268	2.25824359992764	-13.6842939393138	2.14626959063455	-2.34525851298634	2.28167609687833
1.4660765717	-0.10471975512	2.46194694348925	-13.4910604574672	2.3502460504512	-2.35753141042943	2.25465240622099
1.4660765717	-0.05235987756	2.5922045428404	-13.5429131542317	2.48514771094337	-2.3676263996102	2.22547518287156
1.4660765717	-4.4408920985E-16	2.63825824800924	-13.7913368439261	2.53830128221567	-2.37141822794638	2.19479513014681
1.4660765717	0.05235987756	2.59197242877346	-14.1790935326626	2.49965463260717	0.775268308038758	-0.976720342804574
1.4660765717	0.10471975512	2.47208441436668	-14.6508663593593	2.38702245346046	0.788453916386565	-1.00477211053849
1.4660765717	0.15707963268	2.27606531430289	-15.1795620920443	2.19733314238397	0.803666569506138	-1.02837935847701
1.4660765717	0.20943951024	2.01607181218874	-15.78727495283	1.94344855259321	0.814135893532828	-1.04690003488614
1.4660765717	0.2617993878	1.70980128252403	-16.5460862333411	1.64441892497546	0.812957694640702	-1.06139102626537
1.4660765717	0.31415926536	1.35403761676682	-17.5600971095858	1.29791031283218	0.794688763757342	-1.07255617879736
1.4660765717	0.36651914292	0.962220130489721	-18.9207461612836	0.917373680009183	0.757604978570297	-1.08247979011384
1.4660765717	0.41887902048	0.531396575445488	-20.706672033152	0.498616085224527	0.699460494914229	-1.0916087860852
1.4660765717	0.47123889804	0.0689250614327311	-22.9561818396629	0.047230148312728	0.615135754457029	-1.09985413178125
1.4660765717	0.5235987756	-0.418002502631452	-25.6372926166482	-0.431079528629052	0.48906802694068	-1.1061617875769
1.4660765717	0.5759586532	-0.926391520581205	-28.5101122469668	-0.933973651692931	0.284593274146817	-1.10929004134988
1.4660765717	0.6283185307	-1.45489867856102	-30.7658829467248	-1.4599912894011	-0.04833714295571	-1.10889462978203
1.4660765717	0.6806784083	-2.01399348363903	-31.033234258515	-2.01944017215664	-0.460621190663943	-1.10607662836992
1.4660765717	0.7330382858	-2.61965729411174	-29.3384459358617	-2.62891211687463	-0.780425142695694	-1.10339596267312
1.4660765717	0.7853981634	-3.30129413488357	-27.0367533448063	-3.31970858639357	-0.969574266420444	-1.10413388344547
1.4660765717	0.837758041	-4.08449047383828	-24.9072779772841	-4.12057395969713	-1.08118052982145	-1.11160464319401
1.4660765717	0.8901179185	-4.98093977666625	-23.1951912797321	-5.04695678352663	-1.15025442540619	-1.12729957122941
1.4660765717	0.9424777961	-5.98097359570959	-21.9525902643301	-6.09219071275624	-1.18977843036871	-1.15081116019364
1.4660765717	0.9948376736	-7.04687203067077	-21.1491054809362	-7.21911627356449	-1.20239321558777	-1.179290135313
1.4660765717	1.0471975512	-8.12532570592391	-20.7050474113993	-8.37197871872831	-1.18799401553244	-1.20733070953234
1.4660765717	1.0995574288	-9.15219489155958	-20.4992253947781	-9.48295593710101	-1.14927045175919	-1.22803293418867
1.4660765717	1.1519173063	-10.0852175047994	-20.3982315832829	-10.5093658066924	-1.09478805366415	-1.23744477390734
1.4660765717	1.2042771839	-10.9257797537191	-20.3088940745418	-11.4576360936578	-1.03944001695015	-1.23454513343372
1.4660765717	1.2566370614	-11.7161586223805	-20.2075619330541	-12.3789257955657	-0.998105035826775	-1.22338610201113
1.4660765717	1.308996939	-12.5327026544262	-20.1225718222704	-13.3638798989231	-0.97879938463205	-1.2091471411353
1.4660765717	1.3613568166	-13.4271552465427	-20.080434793455	-14.4845962352213	-0.979742442195653	-1.19599765132859
1.4660765717	1.4137166941	-14.3976157468549	-20.0703960348433	-15.7694214312799	-0.991881085613444	-1.18515558992224
1.4660765717	1.4660765717	-15.3588126001728	-20.0339107872079	-17.1685919921874	-1.00392851376835	-1.17634946443565
1.4660765717	1.5184364492	-16.1528307451847	-19.8856529326477	-18.5438415283447	-1.00767769055853	-1.1704238848822
1.4660765717	1.5707963268	-16.6167749539089	-19.5461974911495	-19.7094871140427	-1.00245838083937	-1.17306668674239
1.4660765717	1.6231562044	-16.6979075238622	-18.9918289650704	-20.5665579027544	-0.995018359603304	-1.19274779005218
1.4660765717	1.6755160819	-16.4697000858926	-18.2706064691513	-21.1620132711081	-0.994180666811735	-1.23700774428924
1.4660765717	1.7278759595	-16.0775127836098	-17.4834261946395	-21.6597797635096	-1.00380305723109	-1.30661466743809
1.4660765717	1.780235837	-15.641732071055	-16.7179456453646	-22.2275907631011	-1.02214946239402	-1.39530063235093
1.4660765717	1.8325957146	-15.2314740852516	-16.0380885109505	-22.9397241749247	-1.04271272900374	-1.48913457103027
1.4660765717	1.8849555922	-14.8539608718742	-15.451976494445	-23.7602559721707	-1.05923296097104	-1.5639262532658
1.4660765717	1.9373154697	-14.497469412568	-14.9491201355074	-24.5511538803279	-1.06643457698925	-1.5855478328581
1.4660765717	1.9896753473	-14.1325844277279	-14.4981387150371	-25.0624038826752	-1.06265129996108	-1.52781456715902
1.4660765717	2.0420352248	-13.7256840866043	-14.0593358334939	-25.0363510462555	-1.05106186728296	-1.4070274429618
1.4660765717	2.0943951024	-13.2903167766042	-13.6281210190453	-24.5493162711895	-1.03622373247613	-1.28461148963249
1.4660765717	2.14675498	-12.8827428824846	-13.2248486312477	-24.0889123474761	-1.0236159140758	-1.21217558270681
1.4660765717	2.1991148575	-12.5657442797475	-12.8786821962023	-24.1445349726473	-1.01541874585551	-1.20821571032427
1.4660765717	2.2514747351	-12.3780777098622	-12.6237415124252	-24.9747620297265	-1.01020198813344	-1.28942786314169
1.4660765717	2.3038346126	-12.3243972356519	-12.4952044648302	-26.4623015812864	-1.00348528200231	-1.4994408882614
1.4660765717	2.3561944902	-12.3612501486095	-12.4927364761571	-27.6158646018163	-0.99062343806446	-1.88373117691183
1.4660765717	2.4085543678	-12.4565090701754	-12.6125352573194	-26.9801567622694	-0.967034864734362	-2.31085011440572
1.4660765717	2.4609142453	-12.6023756363161	-12.8450602686311	-25.2505732666642	-0.930805522353319	-2.57816238080644
1.4660765717	2.5132741229	-12.8273242291464	-13.1946642277686	-23.7368606026036	-0.883427651313841	-2.7102695316284
1.4660765717	2.5656340004	-13.1871072377686	-13.6883699124147	-22.8125176290602	-0.829175815877295	-2.79960088912687
1.4660765717	2.617993878	-13.7632870894622	-14.3919495013844	-22.4674953784157	-0.772421511162466	-2.92181411961429
1.4660765717	2.6703537556	-14.6164492480124	-15.3992646395289	-22.4432288205286	-0.715395895434552	-3.13604951987492
1.4660765717	2.7227136331	-15.7082431789122	-16.8440686492585	-22.0885126919861	-0.655572668128712	2.82378352406314
1.4660765717	2.7750735107	-16.7301831637374	-18.8768130935032	-20.8196492734812	-0.581812392847141	2.47560488771259
1.4660765717	2.8274333882	-17.1568914140495	-21.6833784259693	-19.0455402612944	-0.467284751107692	2.20983566114739
1.4660765717	2.8797932658	-16.8452002458603	-25.4201142086127	-17.4943520795587	-0.241040425565129	2.04195125906971
1.4660765717	2.9321531434	-16.272434009017	-29.3452203256144	-16.4919339734599	0.265948520027427	1.94497900097238
1.4660765717	2.9845130209	-15.8494099691139	-29.8097182535315	-16.0274949547412	0.989829815523724	1.896149756669
1.4660765717	3.0368728985	-15.7011155911497	-27.6300169550567	-15.9889936535635	1.39877770584088	1.88543273705813
1.4660765717	3.089232776	-15.7398680669586	-25.8577839913791	-16.1845366647468	1.55534211932939	1.9083836178448
1.4660765717	3.1415926536	-15.8277627301674	-24.7497349270298	-16.4234687431114	1.60188397409313	1.96102142601936
1.5184364492	-3.1415926536	-15.8293052226101	-25.9368469083918	-16.2750937902024	-1.59472676944484	-1.18738746340687
1.5184364492	-3.089232776	-15.9841300851387	-25.0004150403105	-16.5661414205538	-1.61754877257179	-1.1054621231392
1.5184364492	-3.0368728985	-16.1346321660361	-24.218201486553	-16.8684748515303	-1.6863621965753	-0.996467385845865
1.5184364492	-2.9845130209	-16.3647482538005	-23.4194490518476	-17.3177490758654	-1.78607257712251	-0.845458970593305
1.5184364492	-2.9321531434	-16.6526311199979	-22.5216508799906	-17.9537441237739	-1.90024097976329	-0.618752329281524
1.5184364492	-2.8797932658	-16.6821268896507	-21.5509614173517	-18.395039236766	-2.01107797326828	-0.280309346155127
1.5184364492	-2.8274333882	-16.0133687106499	-20.6061032987021	-17.8663483612777	-2.10408069996785	0.127925339271172
1.5184364492	-2.7750735107	-14.7263196676387	-19.8038213430953	-16.3418248689707	-2.17181477900146	0.473626725769842
1.5184364492	-2.7227136331	-13.4155535182098	-19.2347412599876	-14.7342089057786	-2.21274077650069	0.702000716394991
1.5184364492	-2.6703537556	-12.5032528690422	-18.9508094344695	-13.6191655971101	-2.22952321561894	0.844791353016951
1.5184364492	-2.617993878	-12.1440177259104	-18.9631051666626	-13.1568392407708	-2.22725491497111	0.942668841070415
1.5184364492	-2.5656340004	-12.3215109698276	-19.2586344696964	-13.3038552947281	-2.21273652957912	1.02617215859926
1.5184364492	-2.5132741229	-12.9202146298095	-19.8044068964883	-13.9160971282639	-2.19384185226478	1.11958010188806
1.5184364492	-2.4609142453	-13.7410442906588	-20.5521202250874	-14.7559724611702	-2.17756757930539	1.24204319116332
1.5184364492	-2.4085543678	-14.4996466408199	-21.434591319753	-15.482544163244	-2.16782862275071	1.40103480207678
1.5184364492	-2.3561944902	-14.941234756845	-22.3603246753425	-15.8093077505191	-2.16178331612785	1.58029604074853
1.5184364492	-2.3038346126	-15.0102776215655	-23.2257924784379	-15.7202615408845	-2.14834451588087	1.7518957510832
1.5184364492	-2.2514747351	-14.8638461847036	-23.9362097981043	-15.4378744467375	-2.11191735190803	1.90554530398866
1.5184364492	-2.1991148575	-14.6817936965177	-24.4266504506268	-15.1686657414611	-2.04181425811947	2.05449714495752
1.5184364492	-2.14675498	-14.4994197177729	-24.6830806942051	-14.9370591506998	-1.9420693419304	2.21798209527781
1.5184364492	-2.0943951024	-14.1966148728819	-24.7601367659852	-14.5958617698729	-1.82915899132983	2.40099733826719
1.5184364492	-2.0420352248	-13.6345018753282	-24.7742499863507	-13.9820967232861	-1.72272771912725	2.58633336000761
1.5184364492	-1.9896753473	-12.8082913734009	-24.8337691833813	-13.0896287702825	-1.63570501519126	2.74411444786647
1.5184364492	-1.9373154697	-11.8677265526649	-24.9697695586411	-12.0857151882894	-1.57339422975205	2.85818452158776
1.5184364492	-1.8849555922	-10.9539111616264	-25.1058683620327	-11.1241556294651	-1.536389882357	2.93272655328484
1.5184364492	-1.8325957146	-10.1444761767581	-25.0990618768696	-10.2855215762043	-1.5219068096418	2.98173052832991
1.5184364492	-1.780235837	-9.44317448711135	-24.837783593753	-9.57042822603091	-1.52344401742166	3.01982094170264
1.5184364492	-1.7278759595	-8.82046643025289	-24.3284028105584	-8.94439526902951	-1.53243597446512	3.05649791469997
1.5184364492	-1.6755160819	-8.23976579625877	-23.7022364858988	-8.36501783190442	-1.54244480153125	3.09447308578568
1.5184364492	-1.6231562044	-7.6675614693279	-23.1349399404401	-7.79266998550769	-1.55129815160176	3.13069536593857
1.5184364492	-1.5707963268	-7.09907819672429	-22.7521210181939	-7.21887804057101	-1.56027776858681	-3.12390448690708
1.5184364492	-1.5184364492	-6.53875853856485	-22.5942540809467	-6.64782129837676	-1.57226707259307	-3.10770586439784
1.5184364492	-1.4660765717	-5.99076484888945	-22.6124673074243	-6.08634869291723	-1.59072342883554	-3.10514983235783
1.5184364492	-1.4137166941	-5.456010094869	-22.6819851524	-5.53905875332179	-1.61880304223174	-3.11390712953255
1.5184364492	-1.3613568166	-4.92925850115753	-22.660235176869	-5.00311251636193	-1.6578406155245	-3.12968430299517
1.5184364492	-1.308996939	-4.40877787961037	-22.4559547835422	-4.47740463084091	-1.70627623863925	3.13481110941867
1.5184364492	-1.2566370614	-3.90116133258044	-22.0913631430484	-3.96754774854103	-1.76060682795022	3.11528376713783
1.5184364492	-1.2042771839	-3.42309103711342	-21.6874053732728	-3.4883456962317	-1.81851423622605	3.09452198615129
1.5184364492	-1.1519173063	-2.99280599648046	-21.3843305866828	-3.056163179615	-1.88053053859546	3.07037635086268
1.5184364492	-1.0995574288	-2.62683591145241	-21.269486568815	-2.68660883027085	-1.94919651562887	3.0403920320445
1.5184364492	-1.0471975512	-2.32366155439729	-21.3365798843355	-2.37851860369077	-2.02724570546077	3.00334060054597
1.5184364492	-0.9948376736	-2.06952002374661	-21.4756240231101	-2.1196013210047	-2.11424435115002	2.96011805134129
1.5184364492	-0.9424777961	-1.83802385174362	-21.4988639884131	-1.88523654698856	-2.20393483586178	2.91324797603544
1.5184364492	-0.8901179185	-1.60104962130097	-21.230213938924	-1.64860982649126	-2.28452136396649	2.86684691947594
1.5184364492	-0.837758041	-1.33930989781676	-20.6083066750207	-1.39100708677471	-2.34671431332059	2.82396190424784
1.5184364492	-0.7853981634	-1.04472993216681	-19.7167582821082	-1.10409711683393	-2.39110705014439	2.78586554116858
1.5184364492	-0.7330382858	-0.727658904192825	-18.7203579775883	-0.797158898577125	-2.42600193399075	2.75129564636385
1.5184364492	-0.6806784083	-0.404343853194489	-17.7712440101848	-0.484716212307864	-2.46032691930991	2.71687289068807
1.5184364492	-0.6283185307	-0.0946570239041966	-16.969171100238	-0.184779105744028	-2.49803509622532	2.6790871170042
1.5184364492	-0.5759586532	0.18802386789372	-16.3343494992758	0.0902036091696648	-2.53849479936987	2.63575337981502
1.5184364492	-0.5235987756	0.445937644524541	-15.8391788237061	0.342558877171015	-2.57705815531949	2.5869776581489
1.5184364492	-0.47123889804	0.689096605771893	-15.4235073184013	0.581476400215306	-2.60775504591032	2.53470530063041
1.5184364492	-0.41887902048	0.934989870937685	-15.0203941981857	0.823350881509508	-2.6265994514348	2.48271934449993
1.5184364492	-0.36651914292	1.19568783248312	-14.5976643697309	1.07974785990532	-2.6331748340018	2.43451811410472
1.5184364492	-0.31415926536	1.47499145094084	-14.1520356140315	1.35446172939921	-2.63249278557798	2.39213978488789
1.5184364492	-0.2617993878	1.76437406349354	-13.7271259750827	1.63996851904493	-2.63166369535837	2.35543338917936
1.5184364492	-0.20943951024	2.04524927855252	-13.389994251108	1.91919799315732	-2.63635463517323	2.32245610365533
1.5184364492	-0.15707963268	2.29426184032148	-13.2053413606585	2.17009154511667	-2.6495099095273	2.29065950610092
1.5184364492	-0.10471975512	2.48461338458113	-13.1987928619461	2.36565972873932	-2.669769461577	2.25802622110704
1.5184364492	-0.05235987756	2.6047067844532	-13.3843492556974	2.4939411038607	-2.69310459399765	2.22309243422726
1.5184364492	-4.4408920985E-16	2.63826219319799	-13.727568044248	2.53680938963874	-2.71461947234027	2.1868444345705
1.5184364492	0.05235987756	2.58312935635327	-14.1832757597168	2.49071136936247	0.412164214442231	-0.990455738822799
1.5184364492	0.10471975512	2.44050613465425	-14.7007394261479	2.35580525588625	0.405983273013433	-1.02351194459472
1.5184364492	0.15707963268	2.22938553048798	-15.2468475299087	2.15102941082868	0.405917338062588	-1.05287024936703
1.5184364492	0.20943951024	1.94955267072477	-15.8175535896205	1.87631569737445	0.404372577625416	-1.07723697075967
1.5184364492	0.2617993878	1.61212165491355	-16.4599033366285	1.54388952124701	0.392242638454252	-1.0971149697031
1.5184364492	0.31415926536	1.23163396187442	-17.2476754654485	1.16955367928354	0.361703457000025	-1.11434085214497
1.5184364492	0.36651914292	0.804072045080119	-18.2474257750404	0.74970319648844	0.307974899967348	-1.13012374469174
1.5184364492	0.41887902048	0.334303947246118	-19.4961687293168	0.288909283886459	0.229231933276995	-1.14544166273261
1.5184364492	0.47123889804	-0.172289297362916	-20.9624778760967	-0.208645792551902	0.125227990217551	-1.16040352642647
1.5184364492	0.5235987756	-0.713493586720489	-22.5615127792224	-0.741964747403573	-0.00247514948294092	-1.17402795811487
1.5184364492	0.5759586532	-1.28506660713411	-24.1195567051949	-1.30773748578498	-0.152600465675839	-1.18500114826348
1.5184364492	0.6283185307	-1.88518124892024	-25.383315523132	-1.90463229995988	-0.324982974125521	-1.19278715693256
1.5184364492	0.6806784083	-2.52166717872482	-26.0675458801048	-2.54090509285036	-0.519071276737529	-1.19835108349776
1.5184364492	0.7330382858	-3.21279449214424	-25.9751064053161	-3.2358463111559	-0.724444845229019	-1.20460201994706
1.5184364492	0.7853981634	-3.98097612095159	-25.1688609723211	-4.01413905273843	-0.92004238416806	-1.21555587225891
1.5184364492	0.837758041	-4.84969071196273	-23.9565229183087	-4.90336695848051	-1.08514323078261	-1.23514232647117
1.5184364492	0.8901179185	-5.82551564976902	-22.6943913433758	-5.91575603664086	-1.21199372699297	-1.26635545618382
1.5184364492	0.9424777961	-6.89393076684684	-21.6248647283792	-7.04255893671765	-1.30107574029292	-1.31026639910816
1.5184364492	0.9948376736	-8.00928435530184	-20.8597922415173	-8.24062350547446	-1.35527684357084	-1.36425905024763
1.5184364492	1.0471975512	-9.10950892618013	-20.3999547509025	-9.44477948498711	-1.37798025990875	-1.42246378088795
1.5184364492	1.0995574288	-10.1323303068659	-20.1741558810882	-10.5852826939946	-1.37332072739441	-1.47621022714084
1.5184364492	1.1519173063	-11.050107369585	-20.0683997624534	-11.6318308989263	-1.34967854868045	-1.51803677615016
1.5184364492	1.2042771839	-11.8687519821441	-19.9762893585344	-12.5981967977025	-1.3197465864664	-1.54609145746883
1.5184364492	1.2566370614	-12.6251080796988	-19.8431113811579	-13.5389595687332	-1.29773087985296	-1.565416150553
1.5184364492	1.308996939	-13.3847537438547	-19.6733564597352	-14.548360181465	-1.29224531136309	-1.58506658146509
1.5184364492	1.3613568166	-14.1785618228036	-19.4968674963376	-15.6897742064223	-1.30347654826493	-1.61385318238582
1.5184364492	1.4137166941	-14.9908572776525	-19.3331717045216	-16.9832250396124	-1.32370629799561	-1.65710618700208
1.5184364492	1.4660765717	-15.7438232702691	-19.1763009497323	-18.3693738459681	-1.34271585064776	-1.71493219137292
1.5184364492	1.5184364492	-16.304778293243	-18.9871612299672	-19.6697919363622	-1.35245557596603	-1.78046422131258
1.5184364492	1.5707963268	-16.570353596355	-18.7040739363367	-20.6800897555391	-1.35109963904702	-1.84276779442871
1.5184364492	1.6231562044	-16.5136055049288	-18.2779437702359	-21.2779747984049	-1.3438007600929	-1.89577078291432
1.5184364492	1.6755160819	-16.2040644977837	-17.7285998732965	-21.4905243941799	-1.33851538682818	-1.94475503655378
1.5184364492	1.7278759595	-15.7442443457058	-17.0928361561605	-21.4801433864843	-1.3416805329203	-2.00150631315984
1.5184364492	1.780235837	-15.2560545669411	-16.4524040948078	-21.4397687082527	-1.35325929082979	-2.07161249473198
1.5184364492	1.8325957146	-14.8237977802107	-15.874928818291	-21.5000426794316	-1.36821693682446	-2.14795380565699
1.5184364492	1.8849555922	-14.4844943828947	-15.391284240975	-21.7327798238062	-1.3796882414674	-2.21065947923511
1.5184364492	1.9373154697	-14.2423345105102	-15.0070022781378	-22.1621752804221	-1.38118216507418	-2.2328969485015
1.5184364492	1.9896753473	-14.060090283373	-14.6933040092685	-22.7351908890101	-1.36951503584411	-2.18966011959463
1.5184364492	2.0420352248	-13.878869000785	-14.4113429667849	-23.2572454464282	-1.34577779349818	-2.07427700881976
1.5184364492	2.0943951024	-13.6566849116422	-14.1329920645768	-23.4916341833944	-1.3149801841882	-1.9204868350071
1.5184364492	2.14675498	-13.4011710640008	-13.8500009905378	-23.4806785304471	-1.28382195430955	-1.79343255187053
1.5184364492	2.1991148575	-13.1811616853507	-13.5994180221199	-23.5520294251149	-1.25637096319261	-1.74584346259342
1.5184364492	2.2514747351	-13.0519270829025	-13.4220723959151	-23.9298059224596	-1.23297074012335	-1.80303924588119
1.5184364492	2.3038346126	-13.025748926941	-13.3526765270237	-24.4215145905909	-1.20968446706456	-1.97429001521873
1.5184364492	2.3561944902	-13.0838113267054	-13.4132145211115	-24.4480369999567	-1.18028610066184	-2.2253116390127
1.5184364492	2.4085543678	-13.1989585069358	-13.6016159808048	-23.7272173009592	-1.13879649144196	-2.46020737245292
1.5184364492	2.4609142453	-13.3656795081324	-13.9037507663047	-22.7013829715916	-1.08174287852663	-2.61271260043914
1.5184364492	2.5132741229	-13.6071743696471	-14.3077395315249	-21.8761070121802	-1.01016048945259	-2.69870487249711
1.5184364492	2.5656340004	-13.9633571969266	-14.8090504917365	-21.4850585756015	-0.929825721351667	-2.76928228142661
1.5184364492	2.617993878	-14.5184060987727	-15.468817472088	-21.583675927064	-0.848392892417961	-2.88337107317575
1.5184364492	2.6703537556	-15.325458547333	-16.3848369437433	-21.9717177735069	-0.770473889073396	-3.10218069984996
1.5184364492	2.7227136331	-16.2981452131103	-17.6906580651303	-21.9156646917122	-0.696171171967579	2.83222217460851
1.5184364492	2.7750735107	-17.06247083277	-19.5442423594841	-20.6746497984502	-0.616929294254648	2.45378715003154
1.5184364492	2.8274333882	-17.1362344176036	-22.1258780742826	-18.7919177213235	-0.510448193569457	2.17692437750777
1.5184364492	2.8797932658	-16.5847000978736	-25.6256088193166	-17.1631916128507	-0.320602293336129	2.01114953715026
1.5184364492	2.9321531434	-15.9454911514635	-29.7232096960965	-16.1313889260466	0.098022792299289	1.91977531600456
1.5184364492	2.9845130209	-15.567691118931	-31.3028231913859	-15.6852171730331	0.81943747557281	1.87688287298784
1.5184364492	3.0368728985	-15.5046206081009	-29.2986595976825	-15.689806024312	1.31195077825097	1.87111704944444
1.5184364492	3.089232776	-15.6395172627426	-27.2878573547468	-15.9473031579106	1.49869415546609	1.89788170244678
1.5184364492	3.1415926536	-15.8293052226101	-25.9368469083918	-16.2750937902024	1.54686588414495	1.95420519018292
1.5707963268	-3.1415926536	-15.8268437848005	-27.2991492917179	-16.1478436882121	-1.6685743331576	-1.19428238866808
1.5707963268	-3.089232776	-16.0700777284732	-25.9901469871812	-16.5366253218408	-1.69803368513433	-1.109189775184
1.5707963268	-3.0368728985	-16.2818317903588	-24.7909954213207	-16.9416778166214	-1.77214121035674	-0.996602650885919
1.5707963268	-2.9845130209	-16.539182558086	-23.5151849594941	-17.5117138596823	-1.86505261972983	-0.83937099972803
1.5707963268	-2.9321531434	-16.7806133175812	-22.1261021195653	-18.2805623306877	-1.95535874493493	-0.598560653306737
1.5707963268	-2.8797932658	-16.6388087960386	-20.7024932990891	-18.8020019154753	-2.02818886062222	-0.232512334555984
1.5707963268	-2.8274333882	-15.7014581472055	-19.3660238146713	-18.1432752971993	-2.07702801321297	0.206581230556154
1.5707963268	-2.7750735107	-14.1986245872299	-18.2174422532739	-16.3910310617684	-2.10136827898312	0.563342704246761
1.5707963268	-2.7227136331	-12.7478087896719	-17.3212416855796	-14.6110946872202	-2.10441249460103	0.789960890015078
1.5707963268	-2.6703537556	-11.7274664890352	-16.6953214637898	-13.3932990012636	-2.09023067189566	0.930660307579803
1.5707963268	-2.617993878	-11.2383991655924	-16.3417238285422	-12.8423182770086	-2.06420871810148	1.02879703907286
1.5707963268	-2.5656340004	-11.2355101068246	-16.2378242601335	-12.8853256712247	-2.03194986975556	1.11511338330492
1.5707963268	-2.5132741229	-11.5913451578358	-16.3391475051202	-13.3640103403936	-1.99834687936259	1.21182940177318
1.5707963268	-2.4609142453	-12.1183665144067	-16.6001620825074	-14.0315570005368	-1.96787577201988	1.33496764690833
1.5707963268	-2.4085543678	-12.5928445012249	-16.9536121485766	-14.5745064473251	-1.94273767853241	1.48695251394837
1.5707963268	-2.3561944902	-12.8515224799782	-17.3224288353445	-14.7707522087068	-1.92196518848215	1.65079009782672
1.5707963268	-2.3038346126	-12.8685233562087	-17.6144896570653	-14.6421143192821	-1.90090886915246	1.80381205341208
1.5707963268	-2.2514747351	-12.7576141465713	-17.7925481134299	-14.392437977818	-1.8754023297711	1.94088398487758
1.5707963268	-2.1991148575	-12.6367813881439	-17.848306333704	-14.1932202620088	-1.84281281272756	2.07557035287873
1.5707963268	-2.14675498	-12.5290052906103	-17.8290914859055	-14.0478230050525	-1.80462971489076	2.22467909106172
1.5707963268	-2.0943951024	-12.3621559810267	-17.8060677881373	-13.8221444652675	-1.7656020746404	2.3943968557139
1.5707963268	-2.0420352248	-12.0317468841527	-17.8526263627206	-13.3498022527624	-1.73134864791208	2.57126106115568
1.5707963268	-1.9896753473	-11.499094604759	-17.9955827895917	-12.6007752283913	-1.70641701685884	2.72653907511884
1.5707963268	-1.9373154697	-10.8268781328386	-18.2285354487188	-11.6988176955928	-1.69359359789143	2.84372701957035
1.5707963268	-1.8849555922	-10.1213834755999	-18.4678708794443	-10.8085139415277	-1.69307178537278	2.92357121650355
1.5707963268	-1.8325957146	-9.4544734106645	-18.6422263204433	-10.0124406941174	-1.70298048749028	2.97879717812175
1.5707963268	-1.780235837	-8.85200199267845	-18.6537574553826	-9.33217323191006	-1.71811941113637	3.02295454165346
1.5707963268	-1.7278759595	-8.30278677951835	-18.5055999691456	-8.73840059107859	-1.73375805550567	3.0653556170309
1.5707963268	-1.6755160819	-7.78263327305409	-18.2444064348496	-8.19180435814545	-1.74720070721315	3.10856253277007
1.5707963268	-1.6231562044	-7.26925353691271	-17.9697637897246	-7.65553532005026	-1.7590326385789	-3.13381637379245
1.5707963268	-1.5707963268	-6.7544949002073	-17.753658803174	-7.1140121943369	-1.77205321970945	-3.10125132677613
1.5707963268	-1.5184364492	-6.24401939003039	-17.6257136872307	-6.57204906556216	-1.78967984162094	-3.08165173639031
1.5707963268	-1.4660765717	-5.73887816025431	-17.548385669241	-6.03506004672205	-1.81427528188405	-3.07615720116457
1.5707963268	-1.4137166941	-5.23880057021014	-17.4592627160863	-5.50739602322018	-1.8470249996984	-3.08228551441757
1.5707963268	-1.3613568166	-4.73434396312473	-17.2676739351996	-4.9837233892548	-1.88645166197357	-3.09558746888549
1.5707963268	-1.308996939	-4.2269824307507	-16.9560826218453	-4.46506299329785	-1.9301770528591	-3.11194259826456
1.5707963268	-1.2566370614	-3.72697335756097	-16.5412524436487	-3.96030340714209	-1.97524726024571	-3.12934492296661
1.5707963268	-1.2042771839	-3.2524994473075	-16.1093129083074	-3.48349387045613	-2.02118492363458	3.13485589759574
1.5707963268	-1.1519173063	-2.82480324720808	-15.7486098140895	-3.05216754735543	-2.06915486949457	3.11207322438008
1.5707963268	-1.0995574288	-2.45895757049384	-15.5119415854679	-2.67948656716816	-2.121087504515	3.08307505682447
1.5707963268	-1.0471975512	-2.15457690553274	-15.4018871284058	-2.36521783758723	-2.17838597632533	3.04677103452758
1.5707963268	-0.9948376736	-1.89921953653697	-15.3696451141363	-2.0990656668744	-2.24058865451149	3.00401755966397
1.5707963268	-0.9424777961	-1.66375791812525	-15.3256284676133	-1.85479339080612	-2.30374164884989	2.9576973184752
1.5707963268	-0.8901179185	-1.42245178514196	-15.1842523041262	-1.60904704997576	-2.36431777446696	2.91150122745452
1.5707963268	-0.837758041	-1.15620675504032	-14.9045072770554	-1.34339565282799	-2.41679788618623	2.86869634518865
1.5707963268	-0.7853981634	-0.860144491379259	-14.5029627997474	-1.05203869766359	-2.46229010551035	2.83012231503927
1.5707963268	-0.7330382858	-0.544766275231342	-14.0446795608458	-0.743228710685199	-2.50312929576468	2.79434795828707
1.5707963268	-0.6806784083	-0.227291886960644	-13.6112145698405	-0.431254353328193	-2.54401969851515	2.75825663656756
1.5707963268	-0.6283185307	0.0737822740024191	-13.2523536642159	-0.132978301485446	-2.58816025808701	2.7183266486386
1.5707963268	-0.5759586532	0.347138143137225	-12.9973723300405	0.141271522774799	-2.63579532764972	2.67248901960403
1.5707963268	-0.5235987756	0.594709651190796	-12.8295811243819	0.392678836348743	-2.68480096008974	2.62110692483642
1.5707963268	-0.47123889804	0.828502870528151	-12.7154000942596	0.632086435774947	-2.73097924736236	2.56635565554045
1.5707963268	-0.41887902048	1.06286652965501	-12.6125107520952	0.872437459918544	-2.76989180024582	2.51158613421879
1.5707963268	-0.36651914292	1.31064977103317	-12.4890374664554	1.12571024077377	-2.7997699325577	2.46023908570075
1.5707963268	-0.31415926536	1.57398459075128	-12.3387798086196	1.39389812274687	-2.82269570269158	2.41416517028844
1.5707963268	-0.2617993878	1.84548979415692	-12.1937717258005	1.67067853375378	-2.84331219797654	2.3732883236066
1.5707963268	-0.20943951024	2.10763512226596	-12.0903632648509	1.93922121320821	-2.86735986513289	2.33560449467589
1.5707963268	-0.15707963268	2.33820956133281	-12.078229653089	2.1782111200406	-2.89821182896544	2.29876997845948
1.5707963268	-0.10471975512	2.51588776379791	-12.1896035290274	2.36637111064245	-2.93621718620104	2.2605229498059
1.5707963268	-0.05235987756	2.61608842273638	-12.4329234136947	2.47812529779805	-2.97838393963576	2.2207026761889
1.5707963268	-4.4408920985E-16	2.63875981529869	-12.787744744787	2.51245090318251	-3.0194111404755	2.17894579364015
1.5707963268	0.05235987756	2.57035076722644	-13.2327923571738	2.45467538846608	0.0884375319564409	-1.00380693920616
1.5707963268	0.10471975512	2.41823665142223	-13.7247835029801	2.31137685805488	0.066083682071358	-1.04253431077488
1.5707963268	0.15707963268	2.18828790465646	-14.2353125480474	2.08819126794447	0.0549729192584299	-1.07725435896414
1.5707963268	0.20943951024	1.89796241574167	-14.7496515501037	1.8029534251632	0.0499147407532693	-1.10758476586161
1.5707963268	0.2617993878	1.54589604280879	-15.2867021260857	1.45489071570838	0.0423191026703432	-1.13332611134988
1.5707963268	0.31415926536	1.13917035609198	-15.8825859333178	1.05208286471066	0.0240053496656955	-1.15590020760548
1.5707963268	0.36651914292	0.690632415106498	-16.6002496067957	0.608827398046145	-0.00943852994693373	-1.17746104199443
1.5707963268	0.41887902048	0.196219363558178	-17.4630321361661	0.121124803199329	-0.0574460756436993	-1.19856722121632
1.5707963268	0.47123889804	-0.341503832782323	-18.4755400474012	-0.408761099390751	-0.114863779869785	-1.2196073887964
1.5707963268	0.5235987756	-0.920639470535291	-19.6028525246777	-0.979866642909708	-0.173880838619218	-1.23970025009076
1.5707963268	0.5759586532	-1.53801973567037	-20.8095145283452	-1.58968701997481	-0.228658248322875	-1.25743808695636
1.5707963268	0.6283185307	-2.19426176887099	-22.0005874144757	-2.23991086706528	-0.2797350551189	-1.2722117557485
1.5707963268	0.6806784083	-2.89653423765194	-23.0827874680972	-2.93834110774011	-0.340376330002792	-1.28515645089068
1.5707963268	0.7330382858	-3.66232215848846	-23.961943799189	-3.70304675459999	-0.433157206012313	-1.29880824517195
1.5707963268	0.7853981634	-4.51151718063895	-24.5270305893272	-4.55500881592507	-0.577540068275532	-1.31807317102639
1.5707963268	0.837758041	-5.46940059441079	-24.6517529855368	-5.52214588234249	-0.769572469615167	-1.34762104921762
1.5707963268	0.8901179185	-6.53839811078815	-24.3160238938982	-6.61145640481267	-0.975044099426188	-1.39233677949789
1.5707963268	0.9424777961	-7.6989858745491	-23.7093028243838	-7.80920370370856	-1.15370806620017	-1.45450011724736
1.5707963268	0.9948376736	-8.89236334637134	-23.0977108402028	-9.06048692391048	-1.28433372168957	-1.53304091919379
1.5707963268	1.0471975512	-10.0434405856236	-22.6501102279555	-10.2885239822422	-1.36571085444202	-1.62168524996201
1.5707963268	1.0995574288	-11.0832134750146	-22.3777167502355	-11.4181585596181	-1.40582058656433	-1.709818528049
1.5707963268	1.1519173063	-11.9931125447135	-22.1963680518506	-12.4286796914376	-1.41695257329355	-1.78751002337413
1.5707963268	1.2042771839	-12.783346435697	-21.9902201620311	-13.3386989013375	-1.41588112328069	-1.85122041383049
1.5707963268	1.2566370614	-13.5034101898161	-21.6942283242355	-14.217795010906	-1.41877534608273	-1.90686484185238
1.5707963268	1.308996939	-14.1958405062022	-21.3135788791128	-15.1335122953804	-1.43556199797932	-1.96625515458773
1.5707963268	1.3613568166	-14.8746065668115	-20.9010553950271	-16.1220460437402	-1.46582938141162	-2.04125472364823
1.5707963268	1.4137166941	-15.5062660974406	-20.5148807238453	-17.1531732032434	-1.50176134524064	-2.13735424762983
1.5707963268	1.4660765717	-16.0290770220326	-20.1837230685876	-18.134543140374	-1.53379360054763	-2.24920357355534
1.5707963268	1.5184364492	-16.3825665890512	-19.8953313123463	-18.9425536406917	-1.55518494645969	-2.35813528630963
1.5707963268	1.5707963268	-16.537644087898	-19.6009101481472	-19.4956161344953	-1.56479735372487	-2.44163521968083
1.5707963268	1.6231562044	-16.4903274848209	-19.2434568783264	-19.773990415887	-1.56746544997183	-2.48906926392008
1.5707963268	1.6755160819	-16.2493136023082	-18.7784925029557	-19.8007521370118	-1.57134376374	-2.5093114239471
1.5707963268	1.7278759595	-15.8749393235507	-18.2366501630732	-19.6479890598788	-1.58282023720211	-2.52285017467852
1.5707963268	1.780235837	-15.4492511735333	-17.6634315660597	-19.4351199354873	-1.60267390426472	-2.54542951530155
1.5707963268	1.8325957146	-15.0745869135581	-17.145158876924	-19.2857578511069	-1.62614708842447	-2.57801408788508
1.5707963268	1.8849555922	-14.8114672363796	-16.7185237485992	-19.3043664152569	-1.64543405004628	-2.60804339560769
1.5707963268	1.9373154697	-14.6939487383479	-16.4083359469923	-19.5597345478746	-1.65302587741221	-2.61656307062601
1.5707963268	1.9896753473	-14.708084344077	-16.2038128786778	-20.0638211435857	-1.64391702324228	-2.58491539139278
1.5707963268	2.0420352248	-14.7807020801098	-16.0559926791878	-20.7245065804513	-1.61739321741571	-2.50322216013281
1.5707963268	2.0943951024	-14.8103697032204	-15.9011189797577	-21.344929680261	-1.57775816060131	-2.3833576922399
1.5707963268	2.14675498	-14.7551135558718	-15.7180509124284	-21.7695525190717	-1.53276455040072	-2.26635083710261
1.5707963268	2.1991148575	-14.6428634870649	-15.5168792364449	-22.0351953914379	-1.48941954416509	-2.2047411521779
1.5707963268	2.2514747351	-14.5429547690392	-15.3530506660507	-22.2341871470111	-1.44997180546517	-2.2302060749429
1.5707963268	2.3038346126	-14.4861988081762	-15.2746629433176	-22.2844917708983	-1.41108653014094	-2.33945274238327
1.5707963268	2.3561944902	-14.4903769241226	-15.3398007166703	-21.9947675779216	-1.36508608405417	-2.48986303752509
1.5707963268	2.4085543678	-14.5415399520995	-15.5453637335083	-21.3950568373299	-1.3040611203492	-2.62193677793276
1.5707963268	2.4609142453	-14.6462724537215	-15.8656785924567	-20.7580782600166	-1.22259857904761	-2.70561813594418
1.5707963268	2.5132741229	-14.827308375656	-16.2571231137896	-20.3476649489272	-1.12156548611666	-2.7529104842765
1.5707963268	2.5656340004	-15.1261141078158	-16.6912508332269	-20.3175259200111	-1.00940154008541	-2.80062001639453
1.5707963268	2.617993878	-15.6102341474228	-17.2076162105901	-20.7282271971147	-0.898433364768485	-2.89967346456116
1.5707963268	2.6703537556	-16.3085714017902	-17.9157153592023	-21.404686189351	-0.798303538450214	-3.11174147290833
1.5707963268	2.7227136331	-17.065430851927	-18.9652673357913	-21.5714562716321	-0.711639968029391	2.8154084552554
1.5707963268	2.7750735107	-17.4450162375459	-20.5266693181891	-20.3851164538517	-0.631600676572989	2.42476876390198
1.5707963268	2.8274333882	-17.0997302694259	-22.7795650665086	-18.4689184593479	-0.53978179922316	2.14573050875329
1.5707963268	2.8797932658	-16.3143259103502	-25.9235854311176	-16.8175686888049	-0.393361012745072	1.98419913186252
1.5707963268	2.9321531434	-15.6286666204496	-29.9592581675028	-15.7919200289226	-0.0799366579711286	1.89837154307997
1.5707963268	2.9845130209	-15.2936035747981	-32.8242893636992	-15.3709746339532	0.574283214680332	1.8603418974629
1.5707963268	3.0368728985	-15.3097454939389	-31.3786425244028	-15.4184679844016	1.17831446661119	1.8584662183984
1.5707963268	3.089232776	-15.5429190397734	-29.0285238627849	-15.7420516637966	1.41744614800082	1.8884213128836
1.5707963268	3.1415926536	-15.8268437848005	-27.2991492917179	-16.1478436882121	1.47301832043219	1.94731026492171
1.6231562044	-3.1415926536	-15.8290517529214	-28.8648843742956	-16.0504760247386	-1.77208292058896	-1.20066081688808
1.6231562044	-3.089232776	-16.1524919893985	-27.0214530055116	-16.5234315779682	-1.79830167051876	-1.11368220732742
1.6231562044	-3.0368728985	-16.4344397202733	-25.3174481609904	-17.0359037338842	-1.864779479107	-0.997758879654626
1.6231562044	-2.9845130209	-16.7233888312828	-23.5767009845445	-17.7272658516134	-1.93633366630777	-0.835223400712949
1.6231562044	-2.9321531434	-16.9268756188045	-21.7934984788362	-18.6408577391522	-1.99242826495155	-0.582096882942915
1.6231562044	-2.8797932658	-16.6237174971053	-20.0579752037581	-19.2477904246252	-2.02530457418091	-0.189212425403327
1.6231562044	-2.8274333882	-15.4623644980231	-18.4721682578385	-18.473160708186	-2.03526911373586	0.279244437339948
1.6231562044	-2.7750735107	-13.7942071852709	-17.1132913555293	-16.5162277137264	-2.02642484540173	0.645456334910139
1.6231562044	-2.7227136331	-12.2469208221953	-16.0243081394997	-14.6055002493335	-2.0031996772168	0.871379382544358
1.6231562044	-2.6703537556	-11.1428236501681	-15.2131703669984	-13.3017211920806	-1.96960394752749	1.0116577894784
1.6231562044	-2.617993878	-10.5519636943877	-14.6767042726627	-12.6761912662107	-1.92987137389811	1.11253743151747
1.6231562044	-2.5656340004	-10.4174238145693	-14.3929786187937	-12.6384767251714	-1.88777112791381	1.20445307428377
1.6231562044	-2.5132741229	-10.5987650754453	-14.3221543915048	-12.9967146110566	-1.84650968709281	1.30855445795262
1.6231562044	-2.4609142453	-10.9215189157514	-14.4125397038999	-13.4990457708378	-1.80896813129434	1.43760390149535
1.6231562044	-2.4085543678	-11.1997078128717	-14.5941266141319	-13.8571194091795	-1.7766645714532	1.58951208959758
1.6231562044	-2.3561944902	-11.3123863697561	-14.793286064375	-13.8981317721699	-1.74982962469364	1.74570096106607
1.6231562044	-2.3038346126	-11.2543420181278	-14.939038917539	-13.6810293878966	-1.72700339665062	1.88742891047273
1.6231562044	-2.2514747351	-11.1118668429365	-15.0000461086939	-13.3922503796429	-1.70617207981058	2.01304165072865
1.6231562044	-2.1991148575	-10.9698388124775	-14.9830571709807	-13.1659262142426	-1.68571153366083	2.13581448814505
1.6231562044	-2.14675498	-10.8500423306487	-14.9282966217101	-13.0038553662452	-1.66541490874189	2.27045528013872
1.6231562044	-2.0943951024	-10.7098769153695	-14.9128239890272	-12.785480162526	-1.64703020813558	2.42280367446501
1.6231562044	-2.0420352248	-10.4683974678497	-14.9748651163555	-12.367991294121	-1.63285138203259	2.58008765268429
1.6231562044	-1.9896753473	-10.0885566456117	-15.1461144156934	-11.7130787811991	-1.62549543038164	2.72102183835032
1.6231562044	-1.9373154697	-9.59502802186716	-15.402873342928	-10.9177144883452	-1.62701431381761	2.82976742024113
1.6231562044	-1.8849555922	-9.05065503656457	-15.6781449777933	-10.1152328948008	-1.63809248073073	2.90682667379415
1.6231562044	-1.8325957146	-8.51482025894286	-15.9013592165689	-9.39012848353405	-1.65730498052006	2.96243786148353
1.6231562044	-1.780235837	-8.01392548257087	-16.0014631297083	-8.76568031173134	-1.6810772299028	3.00866947900143
1.6231562044	-1.7278759595	-7.54854140823817	-15.9541126917375	-8.22562386623822	-1.70482022586223	3.05364721755753
1.6231562044	-1.6755160819	-7.10296697275263	-15.8020874785678	-7.7324223753253	-1.72572451458108	3.09958909224348
1.6231562044	-1.6231562044	-6.65744219862971	-15.5995613782612	-7.25019408756449	-1.74343365328166	-3.1399574015578
1.6231562044	-1.5707963268	-6.20408944780616	-15.4093514047191	-6.75966182212695	-1.76044619597684	-3.10449919285414
1.6231562044	-1.5184364492	-5.74623543731288	-15.2506887326921	-6.26253056572846	-1.78005434288457	-3.08191904605337
1.6231562044	-1.4660765717	-5.28218187269167	-15.0990487719403	-5.76058990284482	-1.80529043337248	-3.07350739084392
1.6231562044	-1.4137166941	-4.8109506233531	-14.9011354173603	-5.25861962797957	-1.83759450632345	-3.07682199121688
1.6231562044	-1.3613568166	-4.32913042106564	-14.6134065060899	-4.75623779474493	-1.87652401686137	-3.08748102660281
1.6231562044	-1.308996939	-3.83599211825423	-14.2120143062051	-4.25372769540158	-1.9194444671303	-3.10148678161872
1.6231562044	-1.2566370614	-3.34468548914836	-13.7398524649236	-3.76049279297925	-1.96403847292734	-3.11690612244277
1.6231562044	-1.2042771839	-2.87712697192515	-13.2659806800158	-3.29356911779832	-2.0090650951384	-3.13430610829209
1.6231562044	-1.1519173063	-2.45306197771434	-12.8552724174077	-2.868162210835	-2.0546808969914	3.12731784753875
1.6231562044	-1.0995574288	-2.08875618225316	-12.5616512438377	-2.49683001143195	-2.10211127793867	3.09938957490802
1.6231562044	-1.0471975512	-1.7840318725833	-12.3809108643308	-2.18008036018306	-2.15303065655644	3.0641918327898
1.6231562044	-0.9948376736	-1.52533893565787	-12.2848365080225	-1.90617421972661	-2.20787989742983	3.02283887360051
1.6231562044	-0.9424777961	-1.28885057982904	-12.2103758511158	-1.65513398604777	-2.26522128097558	2.97825406480476
1.6231562044	-0.8901179185	-1.04912320727912	-12.0919223425779	-1.40489503927842	-2.3229019162166	2.93402983168318
1.6231562044	-0.837758041	-0.79126929628329	-11.8989489293861	-1.14154702622275	-2.3787344742328	2.89304583844277
1.6231562044	-0.7853981634	-0.509244292164143	-11.6401587695422	-0.857576030113784	-2.43188923618614	2.85604575973612
1.6231562044	-0.7330382858	-0.214378007338476	-11.3486638583475	-0.56242831814466	-2.48346493422824	2.82119162880731
1.6231562044	-0.6806784083	0.0789470182124539	-11.0827525804408	-0.26682368075038	-2.53650107099963	2.7854651702884
1.6231562044	-0.6283185307	0.353526254804461	-10.8846011549055	0.0140293319829144	-2.5923461200783	2.74532701467471
1.6231562044	-0.5759586532	0.601088663779287	-10.7728506185813	0.2724499642153	-2.65259094708429	2.69914007033059
1.6231562044	-0.5235987756	0.823723870925966	-10.7319418928874	0.509053194021288	-2.71564848946923	2.64702532558729
1.6231562044	-0.47123889804	1.03241592392263	-10.7301231875332	0.732899846905854	-2.77871572884953	2.59127435149595
1.6231562044	-0.41887902048	1.24320407358643	-10.7344309899828	0.958645923689323	-2.83800569335876	2.53520976650641
1.6231562044	-0.36651914292	1.4654917404892	-10.7200168472942	1.19465671281391	-2.89128116123728	2.482055233368
1.6231562044	-0.31415926536	1.70295163993623	-10.6867561551967	1.44493329835603	-2.93879390362685	2.43338887798237
1.6231562044	-0.2617993878	1.94743460070158	-10.6521928215355	1.70194201542483	-2.98361733815657	2.38910108753062
1.6231562044	-0.20943951024	2.18341318675466	-10.6469687234927	1.95097020719027	-3.0298895451128	2.34743913050586
1.6231562044	-0.15707963268	2.38932882006793	-10.706047931472	2.17099676334342	-3.08074004669563	2.30600230740868
1.6231562044	-0.10471975512	2.54465243318887	-10.8513449176924	2.34126972461435	-3.13677232121338	2.26301172874879
1.6231562044	-0.05235987756	2.63090029840067	-11.087806356348	2.44240331401696	3.08780395881886	2.21776988816912
1.6231562044	-4.4408920985E-16	2.63879947077107	-11.4077262095462	2.46428631061393	3.03197029419308	2.1709119739099
1.6231562044	0.05235987756	2.55952158931538	-11.8001142654938	2.39737689699065	-0.156373326693802	-1.01716783231304
1.6231562044	0.10471975512	2.39908601193484	-12.2469472303203	2.24747189550481	-0.189001295962655	-1.06162826239418
1.6231562044	0.15707963268	2.15852363415274	-12.7244379483525	2.01509366179907	-0.206052024447536	-1.10190036971707
1.6231562044	0.20943951024	1.85393573890288	-13.2139246411666	1.71657963045681	-0.210594519480802	-1.13768925992795
1.6231562044	0.2617993878	1.49647621866287	-13.7138179252284	1.36362034599262	-0.209521772204459	-1.16941731884216
1.6231562044	0.31415926536	1.08762960807484	-14.2409824990557	0.958398027262049	-0.21007844563024	-1.19810591718422
1.6231562044	0.36651914292	0.630358070832153	-14.8350585135078	0.505192202739289	-0.216658071705208	-1.22514486350036
1.6231562044	0.41887902048	0.128074411114025	-15.5173577287822	0.00806151287291404	-0.228243812933339	-1.25201557279073
1.6231562044	0.47123889804	-0.418736406404127	-16.3142331745635	-0.531945890842394	-0.239361823142856	-1.27887109438149
1.6231562044	0.5235987756	-1.01043868980865	-17.2089060321036	-1.11592625773771	-0.241355497436079	-1.30477366584874
1.6231562044	0.5759586532	-1.64467129035586	-18.174490588061	-1.74232208293394	-0.227837591337371	-1.32878175693749
1.6231562044	0.6283185307	-2.32436197078451	-19.1358614491519	-2.41581519057434	-0.198105741968572	-1.34990706029647
1.6231562044	0.6806784083	-3.05519402402247	-20.0592496130948	-3.14264079029721	-0.163228608107325	-1.3691202906482
1.6231562044	0.7330382858	-3.85522776123966	-20.9309426383211	-3.94122921653719	-0.142180402486362	-1.3892391433465
1.6231562044	0.7853981634	-4.74563264158231	-21.8109503581929	-4.8318422935486	-0.155590050961042	-1.41511027315639
1.6231562044	0.837758041	-5.74795292119257	-22.7500264471232	-5.83544001092138	-0.217180297624377	-1.45244430853611
1.6231562044	0.8901179185	-6.87208785069646	-23.7299988879221	-6.96255874841658	-0.329329850889286	-1.50697870260387
1.6231562044	0.9424777961	-8.08998737559655	-24.6478419262243	-8.18700275699972	-0.479379908253666	-1.58272594538089
1.6231562044	0.9948376736	-9.33842332913831	-25.3949634147483	-9.44745952885758	-0.640002425596328	-1.67973643629049
1.6231562044	1.0471975512	-10.5259736299381	-25.9411363294736	-10.6526176993771	-0.781474412913762	-1.79186133109651
1.6231562044	1.0995574288	-11.5772514888791	-26.3028442821226	-11.7260657311983	-0.887988672945849	-1.90727088723765
1.6231562044	1.1519173063	-12.4683936061013	-26.4697187499289	-12.6447701293514	-0.966437170188587	-2.01384764695707
1.6231562044	1.2042771839	-13.2360597082878	-26.3940692050424	-13.4511869065708	-1.03771727848663	-2.1071006323205
1.6231562044	1.2566370614	-13.9247895557814	-26.057327893473	-14.1990553202279	-1.12161051683655	-2.19265534997859
1.6231562044	1.308996939	-14.5730366559362	-25.507889285384	-14.9381492286491	-1.22275016812494	-2.28269292829637
1.6231562044	1.3613568166	-15.1776968919335	-24.8443022711064	-15.6739462999964	-1.33077420813839	-2.38713904847845
1.6231562044	1.4137166941	-15.6910621757795	-24.1926813399196	-16.352147386701	-1.43106488908456	-2.50852590550331
1.6231562044	1.4660765717	-16.077218872966	-23.65269342738	-16.911438423154	-1.51297494333621	-2.63386796480651
1.6231562044	1.5184364492	-16.3412158354737	-23.2545156930034	-17.3296278774184	-1.57342759332025	-2.74237825529468
1.6231562044	1.5707963268	-16.505003821637	-22.9537375902942	-17.6205717150057	-1.6159835514107	-2.81589867575357
1.6231562044	1.6231562044	-16.579839420861	-22.6591665817451	-17.8098261964721	-1.64947553593092	-2.8487215946023
1.6231562044	1.6755160819	-16.5311888848533	-22.2872912157824	-17.8724471348701	-1.68476009499856	-2.85103553685809
1.6231562044	1.7278759595	-16.3560030421914	-21.8078220533717	-17.8128359585522	-1.7294467241644	-2.84187059324585
1.6231562044	1.780235837	-16.0889556025996	-21.2573608244773	-17.6641125305824	-1.7836736127899	-2.83871689485781
1.6231562044	1.8325957146	-15.825143111298	-20.7155085150111	-17.5276831680684	-1.84063879468585	-2.84696538964018
1.6231562044	1.8849555922	-15.6645487886775	-20.2685401790886	-17.5115501369025	-1.89058992166633	-2.85919821072647
1.6231562044	1.9373154697	-15.6763435456773	-19.9728698816155	-17.6955890309704	-1.92401316137812	-2.86144935480977
1.6231562044	1.9896753473	-15.883858406514	-19.8338864362329	-18.1220382178315	-1.93375808996216	-2.83910185427096
1.6231562044	2.0420352248	-16.2354919446877	-19.7917209434158	-18.7608888324506	-1.91641437174549	-2.78306554238834
1.6231562044	2.0943951024	-16.5932870584991	-19.7517836513298	-19.4602809476456	-1.87416818034853	-2.69883404214705
1.6231562044	2.14675498	-16.8250205132578	-19.624622498462	-20.0567639886984	-1.81572852330298	-2.61082293573108
1.6231562044	2.1991148575	-16.8773251814505	-19.3908189972206	-20.4486930789846	-1.75246761134669	-2.55747435292913
1.6231562044	2.2514747351	-16.7955833149806	-19.1244112024563	-20.6145575129021	-1.69160766292464	-2.5660633693417
1.6231562044	2.3038346126	-16.6453995731927	-18.9302655603515	-20.5270962751627	-1.63120105245218	-2.63212045858896
1.6231562044	2.3561944902	-16.4711894861114	-18.8768222848871	-20.1841751626816	-1.56204347434408	-2.72126302932961
1.6231562044	2.4085543678	-16.3384213172578	-19.0122856723072	-19.7134247364673	-1.47228218391371	-2.79447489791522
1.6231562044	2.4609142453	-16.2847004102647	-19.2698991007592	-19.3202475566638	-1.35302487917805	-2.83507795973047
1.6231562044	2.5132741229	-16.3431467366209	-19.5358508075925	-19.1783957722817	-1.20553498496196	-2.8537956709556
1.6231562044	2.5656340004	-16.5434608298503	-19.7260750335272	-19.3880233057155	-1.0453164621534	-2.8818307275401
1.6231562044	2.617993878	-16.9240800950673	-19.8702396704108	-19.9994819318545	-0.896178454706107	-2.9661037185957
1.6231562044	2.6703537556	-17.4549728095525	-20.1339504488963	-20.8239747524162	-0.775272836201235	3.11603728590755
1.6231562044	2.7227136331	-17.8920291099035	-20.7264046011917	-21.085681864895	-0.684979822171766	2.76821956538505
1.6231562044	2.7750735107	-17.7810016488945	-21.8350822273962	-19.9504061815141	-0.616544743503786	2.38551717022622
1.6231562044	2.8274333882	-17.0069073701125	-23.6261736968391	-18.0737723914406	-0.552500372425401	2.11492534672912
1.6231562044	2.8797932658	-16.0320825790661	-26.2866683340835	-16.4622698590308	-0.460511957553762	1.96063241136407
1.6231562044	2.9321531434	-15.3220715577847	-29.9841245243004	-15.4731176275931	-0.263154156395206	1.88028435872492
1.6231562044	2.9845130209	-15.0360867869218	-33.923748166252	-15.092559512639	0.231844520933149	1.84646498094602
1.6231562044	3.0368728985	-15.1297607757361	-33.9223065983242	-15.1874923111669	0.94696677650608	1.84772261667275
1.6231562044	3.089232776	-15.4493370844865	-31.1839029348147	-15.5668786715879	1.28964923191417	1.87984752582441
1.6231562044	3.1415926536	-15.8290517529214	-28.8648843742956	-16.0504760247386	1.36950973300083	1.94093183670172
1.6755160819	-3.1415926536	-15.8265341174676	-30.6361832529423	-15.9724473343648	-1.92450930212354	-1.20722598631446
1.6755160819	-3.089232776	-16.2413142415648	-28.0632158813825	-16.5366227137623	-1.92343683266591	-1.11831473115453
1.6755160819	-3.0368728985	-16.5892599827138	-25.7894322440179	-17.1455274007376	-1.96349015235625	-1.00018552556197
1.6755160819	-2.9845130209	-16.9180362833458	-23.6257850074044	-17.9605801875938	-1.999949102205	-0.832550406412265
1.6755160819	-2.9321531434	-17.0894088636476	-21.5476416959199	-19.0156971572174	-2.01579097343101	-0.568215207440359
1.6755160819	-2.8797932658	-16.6523056317331	-19.6048300493959	-19.7211601078878	-2.00914370006877	-0.150182832316503
1.6755160819	-2.8274333882	-15.3141593015785	-17.8620231673436	-18.8420686260654	-1.9848452262397	0.345720271151252
1.6755160819	-2.7750735107	-13.5281660392534	-16.3744041387137	-16.7089697062345	-1.94855033531967	0.720143825185325
1.6755160819	-2.7227136331	-11.9150712020251	-15.1723767782004	-14.6916612167495	-1.90479115816992	0.946509009951906
1.6755160819	-2.6703537556	-10.762113679402	-14.2684802548472	-13.3272453552504	-1.8567077397608	1.08847868130464
1.6755160819	-2.617993878	-10.1118061891887	-13.6535315365215	-12.6486765016827	-1.8065941791957	1.19447205871445
1.6755160819	-2.5656340004	-9.89230038754583	-13.3065169864301	-12.5330742377217	-1.7563489405587	1.29486900750117
1.6755160819	-2.5132741229	-9.96641790490796	-13.1810562361442	-12.7815632558174	-1.70777837161961	1.409672177822
1.6755160819	-2.4609142453	-10.1672400930298	-13.2299555436084	-13.1257496277086	-1.66284317735974	1.54859689095769
1.6755160819	-2.4085543678	-10.325799536255	-13.3716895790729	-13.3007986955396	-1.62317600854719	1.70525772141271
1.6755160819	-2.3561944902	-10.3467827624931	-13.5415818616453	-13.1801031936147	-1.59018524193635	1.85954490631513
1.6755160819	-2.3038346126	-10.2298581939257	-13.6720137701058	-12.8473882338716	-1.56416515011536	1.99549138039331
1.6755160819	-2.2514747351	-10.0523741098626	-13.7365221092084	-12.4794723835849	-1.54444542260215	2.11467902688969
1.6755160819	-2.1991148575	-9.88128179475171	-13.7406348934086	-12.1816846834474	-1.52964624827113	2.22966458409456
1.6755160819	-2.14675498	-9.73359316075032	-13.7276814165491	-11.9423160698564	-1.51855790006392	2.35339807114359
1.6755160819	-2.0943951024	-9.57279773557491	-13.7577134037677	-11.6594863792137	-1.51071248332836	2.48867445128363
1.6755160819	-2.0420352248	-9.33852394125343	-13.8752418600924	-11.2216093835541	-1.50692294040889	2.62583252104705
1.6755160819	-1.9896753473	-8.99851255269924	-14.0983084402152	-10.6040090530286	-1.5086620883865	2.74774028969458
1.6755160819	-1.9373154697	-8.56772544238885	-14.403608919491	-9.88047307633226	-1.51784901298455	2.84275663345894
1.6755160819	-1.8849555922	-8.09501145371284	-14.7313963515198	-9.15712165625512	-1.5356880090433	2.91188560614324
1.6755160819	-1.8325957146	-7.62322552560633	-15.000986791775	-8.5004961808285	-1.56146588920767	2.96392396354502
1.6755160819	-1.780235837	-7.17978559902655	-15.1521738894445	-7.93440933892386	-1.59208103276733	3.00892580343639
1.6755160819	-1.7278759595	-6.7690296938053	-15.1522680233324	-7.44989138214389	-1.62296099387056	3.0537248151019
1.6755160819	-1.6755160819	-6.37218903303294	-15.0326283849073	-7.00770860854028	-1.65041250266636	3.09992582161281
1.6755160819	-1.6231562044	-5.97321118284051	-14.8438467272586	-6.5765160861319	-1.67348768099887	-3.13910651798299
1.6755160819	-1.5707963268	-5.56377037826028	-14.6328762671407	-6.13825917964535	-1.69396115394989	-3.10271997771217
1.6755160819	-1.5184364492	-5.13983030644904	-14.4254267940341	-5.68455391789891	-1.71562618719921	-3.07882577904003
1.6755160819	-1.4660765717	-4.70367232471822	-14.1924769221968	-5.22194690081914	-1.74201038197699	-3.0687384680242
1.6755160819	-1.4137166941	-4.2533381501796	-13.9050661404196	-4.75139192749038	-1.77567807917573	-3.0703172009435
1.6755160819	-1.3613568166	-3.78664017069435	-13.5172977599725	-4.27519977421506	-1.81637290046851	-3.0794534445119
1.6755160819	-1.308996939	-3.30629180306127	-13.030650923243	-3.79560195323492	-1.86186670555097	-3.09240731009327
1.6755160819	-1.2566370614	-2.82688127592706	-12.4837883293757	-3.32430613611854	-1.90927879096806	-3.1073191074783
1.6755160819	-1.2042771839	-2.36747809451144	-11.9415935674009	-2.87505823171714	-1.95655306082134	-3.12467461927026
1.6755160819	-1.1519173063	-1.94958885036509	-11.46899729129	-2.46399975244373	-2.00362260311125	3.1367825977185
1.6755160819	-1.0995574288	-1.58693918884698	-11.1071189328932	-2.10125311098333	-2.0509912609438	3.10878933515227
1.6755160819	-1.0471975512	-1.28151159726351	-10.8563649357519	-1.78900026371435	-2.10098094081144	3.07396196309757
1.6755160819	-0.9948376736	-1.0216505395395	-10.6907602881072	-1.51759689192436	-2.15386068598641	3.03359333596857
1.6755160819	-0.9424777961	-0.785960014190307	-10.5588558708727	-1.26951770653263	-2.21045285247288	2.99067681532356
1.6755160819	-0.8901179185	-0.55252769395069	-10.4056734797135	-1.02673053912577	-2.2693952938166	2.94850122845354
1.6755160819	-0.837758041	-0.308646066294584	-10.2094311005469	-0.777386081886013	-2.32916168377353	2.90963782827444
1.6755160819	-0.7853981634	-0.0498256725173317	-9.96651984112969	-0.51675619740511	-2.38894411074052	2.87437255772721
1.6755160819	-0.7330382858	0.215321806090131	-9.71361581445448	-0.250221176891465	-2.44936161541082	2.84086899281288
1.6755160819	-0.6806784083	0.473888656194367	-9.49622570086641	0.0129803931160188	-2.51169937668128	2.80591682462957
1.6755160819	-0.6283185307	0.712361105896451	-9.34017742140742	0.260584773523851	-2.57789814532068	2.76620419030961
1.6755160819	-0.5759586532	0.92302461177698	-9.26181622500357	0.485510251746192	-2.64871359590204	2.72024782060145
1.6755160819	-0.5235987756	1.11137855993562	-9.2452949841933	0.691684645138361	-2.72333888312002	2.66819853042915
1.6755160819	-0.47123889804	1.28715477057908	-9.26173712684471	0.886496574807063	-2.80009272333454	2.61227676780408
1.6755160819	-0.41887902048	1.46437087436201	-9.27934199776255	1.08208604410137	-2.87559076582286	2.55559794404338
1.6755160819	-0.36651914292	1.65300850733173	-9.27965697081501	1.2877040572397	-2.94719387366628	2.50119550910099
1.6755160819	-0.31415926536	1.8558430621029	-9.26424506349185	1.50660598655497	-3.01436906702914	2.45050364518115
1.6755160819	-0.2617993878	2.06683447315219	-9.24919577806087	1.73361072289191	-3.07884456450449	2.40329826706704
1.6755160819	-0.20943951024	2.26992249638889	-9.26376734904376	1.95359593675878	3.13969114511504	2.35805791992478
1.6755160819	-0.15707963268	2.44723082494543	-9.32919707326212	2.14870470931022	3.07239579381921	2.31245101379287
1.6755160819	-0.10471975512	2.57622284433597	-9.46120032702351	2.29568371451008	3.00216705679101	2.26508240926221
1.6755160819	-0.05235987756	2.64480978361431	-9.66868645092454	2.38208271543414	2.93151127275197	2.21484472136562
1.6755160819	-4.4408920985E-16	2.63908851508567	-9.94481468085356	2.39267973450966	2.86560649280837	2.16279973726089
1.6755160819	0.05235987756	2.5502332499806	-10.2909094301916	2.31838112686817	-0.331119272242764	-1.03063948521795
1.6755160819	0.10471975512	2.37809569248728	-10.7016757303785	2.15895753514299	-0.37044750753174	-1.08028850056312
1.6755160819	0.15707963268	2.14024431717459	-11.1585625853778	1.93214677438404	-0.391511153032039	-1.12676950146234
1.6755160819	0.20943951024	1.83576772640734	-11.6490262189696	1.6365970527444	-0.396055791578273	-1.16860168185179
1.6755160819	0.2617993878	1.4758678044397	-12.152265013111	1.28330899290612	-0.388819826754426	-1.20614941677385
1.6755160819	0.31415926536	1.07574071989489	-12.673474911839	0.888592122959948	-0.376112612648505	-1.24093814929335
1.6755160819	0.36651914292	0.623788084996508	-13.2219891833827	0.440842577262782	-0.361741982622887	-1.27378590650336
1.6755160819	0.41887902048	0.137794293026668	-13.8140409097404	-0.0406457189083771	-0.345472508548105	-1.30661502729667
1.6755160819	0.47123889804	-0.39209066115803	-14.4675689573179	-0.565420832663208	-0.322871169177627	-1.33938176816179
1.6755160819	0.5235987756	-0.964277456725479	-15.1720893783573	-1.13230378963426	-0.287171441286246	-1.37147932258438
1.6755160819	0.5759586532	-1.577834741484	-15.8874127016912	-1.74189512076837	-0.233497924051583	-1.40158933096908
1.6755160819	0.6283185307	-2.23438407895488	-16.5433685842547	-2.39846730721742	-0.163205193020857	-1.42902975491056
1.6755160819	0.6806784083	-2.94195344568556	-17.113014264302	-3.11143591974511	-0.0870365760566588	-1.45449836860813
1.6755160819	0.7330382858	-3.71432143651788	-17.5998373594536	-3.8955653363951	-0.0206647370954365	-1.48071062316692
1.6755160819	0.7853981634	-4.57260761378112	-18.0804298136797	-4.77070059731718	0.0227146160034127	-1.51239646375641
1.6755160819	0.837758041	-5.53675267698372	-18.6448434757426	-5.75443023155788	0.0380808948273864	-1.55565102572229
1.6755160819	0.8901179185	-6.61100703971365	-19.3278970499617	-6.8497766752696	0.0288993588677629	-1.61657929018811
1.6755160819	0.9424777961	-7.77019412965042	-20.1161939042248	-8.03090223356903	0.00488594482241237	-1.69974135594353
1.6755160819	0.9948376736	-8.94736287693074	-20.9654573412506	-9.22919484989204	-0.0212688697486754	-1.80548590057113
1.6755160819	1.0471975512	-10.0578928852972	-21.8097537028654	-10.3581723967772	-0.0390286119895131	-1.92798563729196
1.6755160819	1.0995574288	-11.0291297740349	-22.5990852169254	-11.3427285489366	-0.0461190421311539	-2.05491325901251
1.6755160819	1.1519173063	-11.8502388134429	-23.3253186407631	-12.1710259633567	-0.0519795680931717	-2.17490294248984
1.6755160819	1.2042771839	-12.563214347741	-24.0416721943923	-12.8837426459497	-0.0744072555580927	-2.28257777640614
1.6755160819	1.2566370614	-13.220294604439	-24.8222153802104	-13.531509265071	-0.131693806537038	-2.38339633799884
1.6755160819	1.308996939	-13.8546317601388	-25.7011123116213	-14.1482160279208	-0.235627458699522	-2.4877931354356
1.6755160819	1.3613568166	-14.4420222589172	-26.6193192573496	-14.7133862150787	-0.385758592428304	-2.60327263172642
1.6755160819	1.4137166941	-14.9412605231824	-27.4625403828496	-15.1913531871095	-0.564556082160042	-2.72820128312357
1.6755160819	1.4660765717	-15.3223802199571	-28.1832705284882	-15.5531520418502	-0.740576201872328	-2.84973402226595
1.6755160819	1.5184364492	-15.611679503276	-28.8572183650828	-15.8224084860966	-0.888304959972902	-2.94989524641245
1.6755160819	1.5707963268	-15.8583242828809	-29.5986299500397	-16.0458656463591	-1.00515554476035	-3.01534945004675
1.6755160819	1.6231562044	-16.0901505595373	-30.4370147184891	-16.2527818411255	-1.11265133282766	-3.04328136990955
1.6755160819	1.6755160819	-16.2675369165654	-31.285305537076	-16.4065122373837	-1.25095893091058	-3.04245032756057
1.6755160819	1.7278759595	-16.3359646981456	-31.9042974232491	-16.4581577085216	-1.45949122522922	-3.02934887715516
1.6755160819	1.780235837	-16.2989667117321	-31.9230764380763	-16.4195785604876	-1.73773546211682	-3.01998093833456
1.6755160819	1.8325957146	-16.2124011364094	-31.210463157525	-16.3520187753513	-2.02582768148855	-3.02158963496506
1.6755160819	1.8849555922	-16.1724823857613	-30.1629786028958	-16.3493083312736	-2.26310052811963	-3.03028985485651
1.6755160819	1.9373154697	-16.2852511832908	-29.2568508353824	-16.5100615729279	-2.4336591241822	-3.03486648235369
1.6755160819	1.9896753473	-16.606342699156	-28.7248556044453	-16.8815243387097	-2.54321478082227	-3.02371689674727
1.6755160819	2.0420352248	-17.1427379135942	-28.5632140858037	-17.467739467781	-2.59165838479976	-2.98934093774101
1.6755160819	2.0943951024	-17.7822919795955	-28.6186657233902	-18.1561491437779	-2.57147066662811	-2.93420472767649
1.6755160819	2.14675498	-18.3584902365973	-28.6128220015595	-18.7887039644433	-2.47906009187828	-2.87488286240922
1.6755160819	2.1991148575	-18.7174801628597	-28.2787760992156	-19.2266522870845	-2.3347338324406	-2.83760540956045
1.6755160819	2.2514747351	-18.7742992591416	-27.6105267870651	-19.3827553295913	-2.17605238552046	-2.84255276262077
1.6755160819	2.3038346126	-18.5560239353442	-26.8857460485431	-19.2460348353541	-2.02555088659113	-2.88509493814656
1.6755160819	2.3561944902	-18.1925742854675	-26.3890751407555	-18.905943844575	-1.87380566829448	-2.93883697590983
1.6755160819	2.4085543678	-17.8471438841677	-26.2006429835474	-18.5330735332379	-1.69450296695478	-2.97708269998168
1.6755160819	2.4609142453	-17.6387549441443	-26.1255205515815	-18.3022872020005	-1.46433956880767	-2.99042530348083
1.6755160819	2.5132741229	-17.6164209284402	-25.770252352885	-18.3374521314773	-1.19389836277756	-2.98964022539955
1.6755160819	2.5656340004	-17.7836209309661	-24.9472965125958	-18.7102947359008	-0.939738883345713	-3.00331625250757
1.6755160819	2.617993878	-18.1086827449553	-23.9537842139652	-19.4181817546715	-0.753065015901912	-3.07629667278301
1.6755160819	2.6703537556	-18.4861848741366	-23.2209417275827	-20.2654407140983	-0.639704921481424	3.01796659547339
1.6755160819	2.7227136331	-18.5603200886104	-23.0121729127775	-20.4901739120606	-0.581137005310833	2.69076849320182
1.6755160819	2.7750735107	-17.9528153154431	-23.4548337738094	-19.3898009959473	-0.556374636566474	2.33510055968011
1.6755160819	2.8274333882	-16.8282731755498	-24.6379813097994	-17.6144684100629	-0.54512915439354	2.08326030308975
1.6755160819	2.8797932658	-15.7282629314507	-26.6769587813593	-16.0921634820325	-0.523587310259502	1.93910558396933
1.6755160819	2.9321531434	-15.0216308318907	-29.7560183821259	-15.1701388136923	-0.443295583348749	1.86472488826177
1.6755160819	2.9845130209	-14.7848662906256	-33.9032497595214	-14.8383990776638	-0.171536900592514	1.83459876101926
1.6755160819	3.0368728985	-14.9538044222911	-36.4341933707108	-14.9847996088057	0.513740801121715	1.83837770090478
1.6755160819	3.089232776	-15.3625013893754	-33.8148725031704	-15.4249707301486	1.06496538796145	1.87226501882564
1.6755160819	3.1415926536	-15.8265341174676	-30.6361832529423	-15.9724473343648	1.21708335146625	1.93436666727534
1.7278759595	-3.1415926536	-15.8284733328758	-32.4980645523766	-15.9229974925644	-2.15692804354349	-1.21346030907124
1.7278759595	-3.089232776	-16.3269194640773	-29.0472677799921	-16.5654937247793	-2.07894076665376	-1.12365276513595
1.7278759595	-3.0368728985	-16.7505354017737	-26.1958816506704	-17.2743494947887	-2.06748826805563	-1.00318171267334
1.7278759595	-2.9845130209	-17.1242419414019	-23.684398222628	-18.2077108565615	-2.0569328033576	-0.831147964385118
1.7278759595	-2.9321531434	-17.2770581322025	-21.4003407537063	-19.4022057557597	-2.02903177658162	-0.5563333581165
1.7278759595	-2.8797932658	-16.7322311284342	-19.3287060179675	-20.1999815906722	-1.98429328315222	-0.114860962483489
1.7278759595	-2.8274333882	-15.2647123551494	-17.4925394718724	-19.2301405629626	-1.9289005388969	0.40566087037499
1.7278759595	-2.7750735107	-13.4078054465131	-15.9369198820654	-16.9593255563691	-1.86897287856722	0.787889406688466
1.7278759595	-2.7227136331	-11.7569485107503	-14.6775388809564	-14.8588502859294	-1.80767960867415	1.01566894782236
1.7278759595	-2.6703537556	-10.5841632954724	-13.7442404112256	-13.4496797861905	-1.74719380017906	1.16128421180577
1.7278759595	-2.617993878	-9.90630670491646	-13.1159446633895	-12.7260180084728	-1.68753747080817	1.27482080173779
1.7278759595	-2.5656340004	-9.64944689777965	-12.7770903062308	-12.5454907097641	-1.62921212611507	1.38641189293549
1.7278759595	-2.5132741229	-9.67316460578216	-12.6789999911751	-12.6879337279961	-1.5727080765477	1.51496317677659
1.7278759595	-2.4609142453	-9.80890542572566	-12.7615052785197	-12.8776824202036	-1.51936218253409	1.66687130700315
1.7278759595	-2.4085543678	-9.90001312709411	-12.9557809775961	-12.8653162822692	-1.4712161210555	1.83128539804855
1.7278759595	-2.3561944902	-9.85990684611892	-13.1814806818584	-12.5797586634043	-1.43086020633047	1.98711070574446
1.7278759595	-2.3038346126	-9.69732255310792	-13.3793417220409	-12.1260153185249	-1.40035445722488	2.12126053398827
1.7278759595	-2.2514747351	-9.48461346265448	-13.5259731875522	-11.6622802369566	-1.38014842477983	2.23704516604178
1.7278759595	-2.1991148575	-9.28175315175802	-13.6208646257421	-11.2759864741244	-1.36902543566954	2.34764769965492
1.7278759595	-2.14675498	-9.09728551627076	-13.7071912156156	-10.9411553621922	-1.36470518106211	2.46305403721451
1.7278759595	-2.0943951024	-8.89320051278585	-13.8337861263941	-10.571840901634	-1.36525251923941	2.58506980988813
1.7278759595	-2.0420352248	-8.61969475760245	-14.0452130787954	-10.0870548159746	-1.36994262476183	2.70494616536844
1.7278759595	-1.9896753473	-8.25103918525905	-14.3526482985909	-9.47375583339047	-1.3796961724731	2.80930033228217
1.7278759595	-1.9373154697	-7.81009988799812	-14.7331232898042	-8.79603036500764	-1.39655691442	2.89101869369661
1.7278759595	-1.8849555922	-7.33847802074049	-15.1278730220667	-8.12871569708519	-1.42227321376325	2.9516967923577
1.7278759595	-1.8325957146	-6.88012126969549	-15.4530155756342	-7.52959880405332	-1.45703794640356	2.99905623487179
1.7278759595	-1.780235837	-6.45600060753979	-15.6376601622629	-7.01480392593007	-1.49774693247859	3.04170085458793
1.7278759595	-1.7278759595	-6.06248851905364	-15.6512118370345	-6.56826101582009	-1.53906047310448	3.0851559539164
1.7278759595	-1.6755160819	-5.68653669387947	-15.5144024953653	-6.16366566770208	-1.57598482412239	3.13020030397338
1.7278759595	-1.6231562044	-5.30770220158233	-15.2838999715379	-5.76792987002886	-1.60647884920384	-3.10990258575274
1.7278759595	-1.5707963268	-4.91482062242983	-15.0143237058663	-5.36147905274141	-1.63223133379008	-3.07435858494862
1.7278759595	-1.5184364492	-4.50788085076692	-14.7278251964575	-4.94169114516887	-1.65744968439438	-3.05085280171406
1.7278759595	-1.4660765717	-4.08522019227781	-14.3986168607577	-4.5093292454108	-1.68659917579285	-3.04075341363106
1.7278759595	-1.4137166941	-3.6476496405309	-14.0052891319923	-4.06724556069571	-1.72298431327854	-3.04217829207677
1.7278759595	-1.3613568166	-3.19220627010351	-13.5087162851162	-3.61599607604839	-1.76665926927807	-3.05144483198057
1.7278759595	-1.308996939	-2.7247810563523	-12.9204587527774	-3.16114839446119	-1.81551735407513	-3.06509336545764
1.7278759595	-1.2566370614	-2.25683314935753	-12.2798882418388	-2.71185391671199	-1.86603366304588	-3.08140533710193
1.7278759595	-1.2042771839	-1.80883955149456	-11.6504992041289	-2.28436954767576	-1.91571867865566	-3.10067032450524
1.7278759595	-1.1519173063	-1.39877529097176	-11.0950919921046	-1.89144189951814	-1.96395941379218	-3.12444685777681
1.7278759595	-1.0995574288	-1.04019589377759	-10.646826273702	-1.54376178922423	-2.0121983236677	3.12897834247014
1.7278759595	-1.0471975512	-0.734600459020347	-10.3069663434643	-1.24239755673885	-2.06169794623057	3.093011297095
1.7278759595	-0.9948376736	-0.47279101094087	-10.053870614099	-0.979508523106137	-2.11421717627487	3.05233839851542
1.7278759595	-0.9424777961	-0.237492400094442	-9.83245688388244	-0.742494667436772	-2.17067139196919	3.00973931528276
1.7278759595	-0.8901179185	-0.00997440683763243	-9.60224126890133	-0.515309438194366	-2.230912205071	2.96840185877124
1.7278759595	-0.837758041	0.219707478964623	-9.3414352606396	-0.289483701876361	-2.29376274637189	2.93024657575869
1.7278759595	-0.7853981634	0.455296919984511	-9.05000882987186	-0.0608906096435792	-2.35839934476243	2.89551490881598
1.7278759595	-0.7330382858	0.69019716717543	-8.76242628954037	0.167315042487353	-2.42431051597191	2.86213423943261
1.7278759595	-0.6806784083	0.91393488334735	-8.51371498804889	0.387847107110219	-2.49324135907162	2.82685824706888
1.7278759595	-0.6283185307	1.11613287007549	-8.33295214287196	0.592797808442946	-2.56647576130656	2.78693239632047
1.7278759595	-0.5759586532	1.28608027659508	-8.22356093331716	0.770439610883927	-2.64485829580092	2.74043790580391
1.7278759595	-0.5235987756	1.43713977949221	-8.17329611097996	0.934041503788417	-2.72838987697112	2.68814633001651
1.7278759595	-0.47123889804	1.57665924101922	-8.14829861203351	1.08742049026801	-2.8151556605083	2.63188035097426
1.7278759595	-0.41887902048	1.71575714612356	-8.12548506408729	1.24017884329412	-2.9021273469339	2.57463072450509
1.7278759595	-0.36651914292	1.86616209570041	-8.08989053071407	1.40367658347348	-2.98684196692792	2.51892007979453
1.7278759595	-0.31415926536	2.029293719119	-8.04241245349831	1.57961357219401	-3.06814868348395	2.46630484530083
1.7278759595	-0.2617993878	2.2007187879748	-8.00440114544208	1.76534828191366	3.13632756033597	2.41635996906521
1.7278759595	-0.20943951024	2.36707746102294	-7.99828754150193	1.94826442500453	3.05814275372184	2.3676648416191
1.7278759595	-0.15707963268	2.51125938591895	-8.04302308264876	2.1111218041921	2.97875969328334	2.31803320718865
1.7278759595	-0.10471975512	2.61427834790863	-8.15119933216924	2.23399073065069	2.89813899555278	2.26618801167687
1.7278759595	-0.05235987756	2.66159079122934	-8.32278124775307	2.3007945222804	2.81901768309577	2.2112589836789
1.7278759595	-4.4408920985E-16	2.63930647715435	-8.56510324473136	2.29705647099021	2.74585293483966	2.15454091042645
1.7278759595	0.05235987756	2.5375293928235	-8.87574480897585	2.21196770451997	-0.456937965931166	-1.04380436394709
1.7278759595	0.10471975512	2.36660714481282	-9.26157573997656	2.05733716937029	-0.501456179837651	-1.09931428316755
1.7278759595	0.15707963268	2.12748269434041	-9.70966317470764	1.83324483051182	-0.526467387864641	-1.15148677286027
1.7278759595	0.20943951024	1.83123738959703	-10.2047236198934	1.55060067432786	-0.532479215529337	-1.19953254090608
1.7278759595	0.2617993878	1.483922963779	-10.7239785539259	1.21452492214106	-0.523324126181466	-1.24343649947662
1.7278759595	0.31415926536	1.09522185461555	-11.2507769586589	0.834513691222581	-0.503019221062076	-1.28438604722315
1.7278759595	0.36651914292	0.676217544612647	-11.7806089373438	0.422274123448856	-0.475799787203113	-1.32396944672373
1.7278759595	0.41887902048	0.225372075982425	-12.3140659435194	-0.023646618751475	-0.441863774721233	-1.36335173733098
1.7278759595	0.47123889804	-0.260986515290134	-12.8557256295675	-0.506763549124108	-0.399475001721126	-1.40251067181375
1.7278759595	0.5235987756	-0.782650654158385	-13.3979693248772	-1.02723245804103	-0.344244423718586	-1.44110834429714
1.7278759595	0.5759586532	-1.33727791193092	-13.8958591596728	-1.58516951281717	-0.274000597343597	-1.47799470114744
1.7278759595	0.6283185307	-1.92948132166745	-14.312984850103	-2.18787972202412	-0.19275921847582	-1.5122678915196
1.7278759595	0.6806784083	-2.56395729187982	-14.6220320215737	-2.84312186226262	-0.110704787332591	-1.54454645923483
1.7278759595	0.7330382858	-3.25510030548095	-14.8488578567673	-3.56692202344058	-0.0406358021187993	-1.57736438670386
1.7278759595	0.7853981634	-4.01735583435366	-15.0549628949596	-4.37357119329582	0.00839821817896029	-1.61520236060881
1.7278759595	0.837758041	-4.86701765800334	-15.3146182741948	-5.27759144894673	0.0344845750623051	-1.66379668186337
1.7278759595	0.8901179185	-5.802524183603	-15.6530250243083	-6.27703228876259	0.0424562672067912	-1.72889425582965
1.7278759595	0.9424777961	-6.79614563852864	-16.0800822853054	-7.34109110703042	0.0414357966841945	-1.81441968181797
1.7278759595	0.9948376736	-7.79449130086167	-16.5638602920151	-8.41309195122397	0.0414452566569658	-1.92003993321418
1.7278759595	1.0471975512	-8.72923346556597	-17.0728792420353	-9.41685123315077	0.0497801409993432	-2.03960124472014
1.7278759595	1.0995574288	-9.55523557139233	-17.5817118497183	-10.2996707409039	0.0678018294757378	-2.1628842065941
1.7278759595	1.1519173063	-10.2762929312883	-18.103104822666	-11.0591019393218	0.0903105734630814	-2.27907388127034
1.7278759595	1.2042771839	-10.9332472482074	-18.6673840464887	-11.7345971836632	0.108203855587459	-2.38541316599894
1.7278759595	1.2566370614	-11.5630301885826	-19.3162522862934	-12.3605229121084	0.113004870281013	-2.48655488696159
1.7278759595	1.308996939	-12.1893702843974	-20.1041268044408	-12.9550175708752	0.101481321698862	-2.59118947422873
1.7278759595	1.3613568166	-12.7856631190647	-21.0273852186614	-13.4910090824749	0.0771888486751479	-2.70475132258729
1.7278759595	1.4137166941	-13.3166469664379	-22.046930088062	-13.9412621149177	0.0515133172191784	-2.82505274343688
1.7278759595	1.4660765717	-13.7518263673604	-23.0952472274454	-14.2888807426368	0.0422561353011756	-2.94023409224651
1.7278759595	1.5184364492	-14.1104398244483	-24.09576052153	-14.5696488306852	0.067932574624458	-3.03500140952987
1.7278759595	1.5707963268	-14.4318674786054	-24.969500933541	-14.8336152878557	0.138699320206483	-3.09863731323764
1.7278759595	1.6231562044	-14.7346815463336	-25.679042932966	-15.0989611425429	0.250668382491012	-3.1292497079339
1.7278759595	1.6755160819	-15.0018267004789	-26.2581420348977	-15.3398481299948	0.39096481423566	-3.1343237757219
1.7278759595	1.7278759595	-15.197008015822	-26.7947075118153	-15.5085364384181	0.552156293725852	-3.12799778457786
1.7278759595	1.780235837	-15.2984473002616	-27.3068963656267	-15.5809267268648	0.738314274190321	-3.12477523664233
1.7278759595	1.8325957146	-15.3338036331763	-27.6325755270024	-15.5974506029282	0.954073667656736	-3.13214112771323
1.7278759595	1.8849555922	-15.3761538028695	-27.512661526974	-15.6501609338408	1.18102889639182	3.13552606125531
1.7278759595	1.9373154697	-15.4925905634629	-26.9005071656965	-15.8185695896157	1.37732892243719	3.12089721595512
1.7278759595	1.9896753473	-15.7512826416299	-26.0785788370501	-16.1739683657609	1.51497617503411	3.11711589492119
1.7278759595	2.0420352248	-16.166228990992	-25.396971782499	-16.7183356094044	1.59935466911084	3.13024975370036
1.7278759595	2.0943951024	-16.704407495099	-25.0856068449691	-17.3856153574726	1.65180782335719	-3.12444407698521
1.7278759595	2.14675498	-17.2665644964207	-25.2635686149945	-18.0165326435394	1.69397812011321	-3.09221449332092
1.7278759595	2.1991148575	-17.7486717073323	-25.9843006071521	-18.4550930614217	1.74262456791723	-3.07481290309473
1.7278759595	2.2514747351	-18.0310343780531	-27.2451495864849	-18.5853999645596	1.80695037585159	-3.08515053813538
1.7278759595	2.3038346126	-18.0515522416071	-29.0183075201105	-18.413877928133	1.88254363264857	-3.11761391630422
1.7278759595	2.3561944902	-17.8681290361126	-31.3318387185585	-18.068291683877	1.93583169601474	3.13130478579207
1.7278759595	2.4085543678	-17.6524102561402	-34.4360538826525	-17.7444582268089	1.87224764041827	3.11344422619266
1.7278759595	2.4609142453	-17.5739083505256	-38.1462337604771	-17.6121434410057	1.42626027338457	3.11648395098773
1.7278759595	2.5132741229	-17.715600624718	-36.9808360512365	-17.7673428750262	0.534786296460296	3.12901790990443
1.7278759595	2.5656340004	-18.0548199975069	-32.2900210575883	-18.2217694258234	0.0879953125687231	3.1240312957975
1.7278759595	2.617993878	-18.5404174213809	-28.8715692573689	-18.9627092119078	-0.102735846738402	3.05894961981479
1.7278759595	2.6703537556	-18.9285142128386	-26.7380032004017	-19.7147529380869	-0.226538329456263	2.8836581826654
1.7278759595	2.7227136331	-18.7889245362195	-25.5948438996357	-19.8052112454037	-0.331084799508425	2.58831059373777
1.7278759595	2.7750735107	-17.8647579248733	-25.286798902993	-18.7321782448475	-0.427555395653885	2.27446401524268
1.7278759595	2.8274333882	-16.5475740549605	-25.7613913854372	-17.1019801998212	-0.514715808663049	2.04969280115103
1.7278759595	2.8797932658	-15.4089998908575	-27.0466496641601	-15.7175719428083	-0.583820123824114	1.91902986557363
1.7278759595	2.9321531434	-14.7278894969717	-29.2728755286629	-14.8831371223659	-0.611154824084098	1.85114607085869
1.7278759595	2.9845130209	-14.5530236653338	-32.6537745786716	-14.6208024459776	-0.530113646707337	1.82486219299912
1.7278759595	3.0368728985	-14.7856806950689	-36.7403564917727	-14.8134589464576	-0.125241321507804	1.83040600464388
1.7278759595	3.089232776	-15.2722038862409	-36.4769490237386	-15.3052378317359	0.636995314546691	1.86520994320164
1.7278759595	3.1415926536	-15.8284733328758	-32.4980645523766	-15.9229974925644	0.984664610046307	1.92813234451855
1.780235837	-3.1415926536	-15.8298655506128	-33.9975370152888	-15.8965999276933	-2.50340267465312	-1.2196442280869
1.780235837	-3.089232776	-16.4145756973693	-29.8691616852565	-16.6151691631329	-2.26709004004509	-1.12938208507478
1.780235837	-3.0368728985	-16.9199116860089	-26.5318399979345	-17.4228266990722	-2.1752140728013	-1.00672928785283
1.780235837	-2.9845130209	-17.3431080568543	-23.7656064660515	-18.4663897523248	-2.10833202452563	-0.830455418161797
1.780235837	-2.9321531434	-17.4926067102268	-21.3567583755254	-19.7896614159498	-2.03543728126747	-0.545541813680044
1.780235837	-2.8797932658	-16.8734939150902	-19.2169264926536	-20.6719682221425	-1.95393287345279	-0.0825741693226732
1.780235837	-2.8274333882	-15.3226926173293	-17.3404972883735	-19.6216541265795	-1.86972827846426	0.459451689738183
1.780235837	-2.7750735107	-13.4227052457319	-15.7547682645201	-17.2371241433488	-1.7879217336045	0.848202085811655
1.780235837	-2.7227136331	-11.7686287252761	-14.4915201301061	-15.0867138865853	-1.71095326208042	1.0790515243109
1.780235837	-2.6703537556	-10.5992577973553	-13.5728807632987	-13.6465471288329	-1.63869752181759	1.23055614009725
1.780235837	-2.617993878	-9.92838804873686	-12.9911585584946	-12.8868438302928	-1.56977223073282	1.35403070687932
1.780235837	-2.5656340004	-9.67224262868322	-12.71895545218	-12.6464324807902	-1.50280419992679	1.47940647747762
1.780235837	-2.5132741229	-9.68569774727704	-12.7142601505414	-12.6778117309437	-1.43727367631402	1.62427975481442
1.780235837	-2.4609142453	-9.79504693369911	-12.9038088610856	-12.7090678218131	-1.37409385917593	1.79115201092398
1.780235837	-2.4085543678	-9.84302103614109	-13.2208531492076	-12.5144798636583	-1.31590500584362	1.96483360810572
1.780235837	-2.3561944902	-9.7497554797774	-13.5884640032117	-12.0646349892515	-1.26656555541411	2.12352859497508
1.780235837	-2.3038346126	-9.53491082411369	-13.9434081813364	-11.4892121978874	-1.23029118163196	2.25702763169583
1.780235837	-2.2514747351	-9.27826400418194	-14.2597969006389	-10.937716598136	-1.20884645679226	2.37163916572681
1.780235837	-2.1991148575	-9.027164643017	-14.5380362134475	-10.4606831407753	-1.2015284269041	2.47935038046775
1.780235837	-2.14675498	-8.78864542558895	-14.8075312372058	-10.0386043092665	-1.20525339005541	2.58918856971756
1.780235837	-2.0943951024	-8.51954587248902	-15.109746021549	-9.59453935380648	-1.2166781200844	2.70102722345406
1.780235837	-2.0420352248	-8.17458358964435	-15.4849754418596	-9.06707890280875	-1.23358832433124	2.80735733351528
1.780235837	-1.9896753473	-7.7453113639455	-15.9385698210469	-8.45926001070208	-1.25659423318367	2.89847666700761
1.780235837	-1.9373154697	-7.25877125845262	-16.4452010115902	-7.81691997141618	-1.28824550704735	2.96976425646329
1.780235837	-1.8849555922	-6.76143999443723	-16.9381143066056	-7.19982083007482	-1.33120495444476	3.02380136699285
1.780235837	-1.8325957146	-6.28922364164873	-17.3221972531982	-6.64583529389082	-1.38629685861713	3.06759010311373
1.780235837	-1.780235837	-5.85855228834676	-17.5047224042549	-6.16649759367704	-1.44947520885566	3.10835296677304
1.780235837	-1.7278759595	-5.46314152931667	-17.4560756408801	-5.74666563220069	-1.51243219099087	-3.13273435747933
1.780235837	-1.6755160819	-5.08509409268769	-17.2149604021636	-5.35953410044038	-1.5672157905867	-3.08922779844161
1.780235837	-1.6231562044	-4.70675156193143	-16.8621510942177	-4.97953120323809	-1.61055221767093	-3.04797898534802
1.780235837	-1.5707963268	-4.31412730416297	-16.4545850681885	-4.58787731204208	-1.64446277764581	-3.01436431900833
1.780235837	-1.5184364492	-3.90965726860395	-16.0242784428935	-4.18509360116581	-1.67436841342026	-2.99247855298577
1.780235837	-1.4660765717	-3.49242769961091	-15.5496574200423	-3.77164837679502	-1.70600027433456	-2.98362641588329
1.780235837	-1.4137166941	-3.0604140873529	-15.0043002882355	-3.34726708947135	-1.74336309990758	-2.9861601475018
1.780235837	-1.3613568166	-2.61628650290046	-14.3674459294448	-2.91661623009583	-1.78721386040456	-2.99684649008109
1.780235837	-1.308996939	-2.16040399643383	-13.6419227436158	-2.48069793031556	-1.8351628456601	-3.01240869549684
1.780235837	-1.2566370614	-1.70697242686076	-12.8780328136491	-2.05196828440439	-1.88389722970943	-3.03138858041813
1.780235837	-1.2042771839	-1.27171041576049	-12.1397089637006	-1.64273583384356	-1.93120531829565	-3.05388616476789
1.780235837	-1.1519173063	-0.871423103418829	-11.4745214052547	-1.26687823061192	-1.9764262091291	-3.081054683237
1.780235837	-1.0995574288	-0.517817086810132	-10.918361411522	-0.933084461938415	-2.02061053836842	-3.11393208001093
1.780235837	-1.0471975512	-0.213852473581553	-10.4702118377282	-0.643855115941022	-2.06654640764932	3.13079070478511
1.780235837	-0.9948376736	0.0505949465856216	-10.0937216347727	-0.391236850739393	-2.11587561440799	3.08831189015199
1.780235837	-0.9424777961	0.288494510812238	-9.75149166545457	-0.16466012721802	-2.16953840379717	3.04449976904261
1.780235837	-0.8901179185	0.514438965736108	-9.40086491255473	0.0473506046749515	-2.2276976676805	3.00210076210748
1.780235837	-0.837758041	0.736180230372154	-9.02725852627437	0.251507337759156	-2.28957310883304	2.96296430782434
1.780235837	-0.7853981634	0.955697593620421	-8.63859288792663	0.450612206767894	-2.35447397888441	2.92660016704314
1.780235837	-0.7330382858	1.16652873254053	-8.2619800776599	0.640551556917278	-2.421958988631	2.89134209126231
1.780235837	-0.6806784083	1.3636523067034	-7.93527819508382	0.82070745852915	-2.49325464215446	2.8541446275619
1.780235837	-0.6283185307	1.53247402481972	-7.67984710766617	0.977864113382504	-2.56957148830646	2.81221298749046
1.780235837	-0.5759586532	1.66876500170072	-7.49835254006918	1.1079610558086	-2.65185847482227	2.76394676161642
1.780235837	-0.5235987756	1.78663970031094	-7.37201362735821	1.22466777024538	-2.73995319240886	2.71034345457735
1.780235837	-0.47123889804	1.88435361431455	-7.27569518769315	1.32257442533688	-2.83233872348336	2.65259512261222
1.780235837	-0.41887902048	1.98603019382459	-7.18092156623125	1.42520339643326	-2.9265559482061	2.59396858139456
1.780235837	-0.36651914292	2.09538372898336	-7.07798433293685	1.535440636628	-3.01957999471879	2.53653029328767
1.780235837	-0.31415926536	2.21691785443507	-6.97787244895081	1.65991447382543	-3.11003476976114	2.48152032917887
1.780235837	-0.2617993878	2.34602613395604	-6.89673055929337	1.79554558314154	3.08490627417557	2.42871468508422
1.780235837	-0.20943951024	2.47179402715176	-6.85679074705369	1.93278295957285	2.99745022621878	2.3765166638046
1.780235837	-0.15707963268	2.58011898739656	-6.87342791592974	2.05735499961107	2.90961765057256	2.32304450003704
1.780235837	-0.10471975512	2.65280827627794	-6.95299767295502	2.14914101443825	2.8215320080837	2.26685423717687
1.780235837	-0.05235987756	2.67660063392703	-7.09922425912649	2.19338778922774	2.73610621216844	2.20755443921118
1.780235837	-4.4408920985E-16	2.63418250981814	-7.31539393062835	2.17096867653647	2.65769860343331	2.14648586930874
1.780235837	0.05235987756	2.53171174963112	-7.603316104978	2.08888403788136	-0.550255783394695	-1.05755031208405
1.780235837	0.10471975512	2.35879978385495	-7.97040027294208	1.93630862680272	-0.599528258015135	-1.11838539418626
1.780235837	0.15707963268	2.1261865689816	-8.41165573423141	1.72445900068064	-0.62906735930698	-1.17643410485894
1.780235837	0.20943951024	1.83961521244708	-8.91108577956193	1.4579728273454	-0.638702810544424	-1.23065015763914
1.780235837	0.2617993878	1.51989820470662	-9.44150949270714	1.15710692661384	-0.63045322207235	-1.28143544097939
1.780235837	0.31415926536	1.16666907933323	-9.970660747092	0.818872662681498	-0.608195700196408	-1.32939326923761
1.780235837	0.36651914292	0.784969256292417	-10.4823898135808	0.447840494640382	-0.57585670274623	-1.37600842540821
1.780235837	0.41887902048	0.386992026128245	-10.9670813700059	0.0567878382481837	-0.534842453294322	-1.42242219102888
1.780235837	0.47123889804	-0.0352859427324351	-11.4217745304661	-0.362939694831515	-0.485137152489567	-1.4688866809239
1.780235837	0.5235987756	-0.48152852237884	-11.8415433537278	-0.811263698256915	-0.425527531387436	-1.51477407665506
1.780235837	0.5759586532	-0.952721215385788	-12.2025552924998	-1.29126767019586	-0.356137942242883	-1.55901919636875
1.780235837	0.6283185307	-1.45423124868	-12.4808859399967	-1.81138409086908	-0.281582543870097	-1.60082180869378
1.780235837	0.6806784083	-1.99138911363547	-12.6705298062835	-2.37966405284316	-0.210384471018063	-1.64067576869609
1.780235837	0.7330382858	-2.57690299738486	-12.7977675293891	-3.01061663963591	-0.152105186696576	-1.68089286444117
1.780235837	0.7853981634	-3.2225448085852	-12.908418217984	-3.71646761334069	-0.113083103622737	-1.72557993829997
1.780235837	0.837758041	-3.93509615538407	-13.0501813424403	-4.50312126753381	-0.093991186719386	-1.77971970436701
1.780235837	0.8901179185	-4.71179729989294	-13.2516657714861	-5.36662579764367	-0.089923041686664	-1.84812776556898
1.780235837	0.9424777961	-5.528692765317	-13.5266473637248	-6.27848177645327	-0.0925376224168346	-1.93347340991646
1.780235837	0.9948376736	-6.34254292381585	-13.8641656645329	-7.18825312444397	-0.0927460355544728	-2.03423930782173
1.780235837	1.0471975512	-7.11438291201813	-14.2583624703451	-8.04575455905811	-0.0837415239525989	-2.14409099958548
1.780235837	1.0995574288	-7.8257259149443	-14.7002654785255	-8.82409970896276	-0.0635506734451989	-2.25446598526713
1.780235837	1.1519173063	-8.48321951185652	-15.1835879286329	-9.52776799546739	-0.0353473415300361	-2.35788868309846
1.780235837	1.2042771839	-9.11578800297474	-15.7082750894636	-10.190139407209	-0.00579188150819945	-2.45256551835677
1.780235837	1.2566370614	-9.7450199069851	-16.287674899578	-10.8334607546213	0.0184714792832742	-2.54335677063541
1.780235837	1.308996939	-10.3817477266981	-16.9490265861033	-11.4632005440414	0.0346199652625945	-2.63776569268002
1.780235837	1.3613568166	-11.0037414308025	-17.6720250068848	-12.0570551039057	0.0457949117672735	-2.74010002528881
1.780235837	1.4137166941	-11.5727734041981	-18.4290276784671	-12.5758856530539	0.0613360095206825	-2.84923945210812
1.780235837	1.4660765717	-12.0671100689934	-19.1573792561569	-13.0114276320019	0.0940697580508981	-2.95507423429819
1.780235837	1.5184364492	-12.487578130614	-19.783292598223	-13.3834289717407	0.154822073474629	-3.04471116934062
1.780235837	1.5707963268	-12.857322806104	-20.2154312172731	-13.739004899077	0.245301871704037	-3.10849525570487
1.780235837	1.6231562044	-13.1917141473172	-20.425734628585	-14.1018229527936	0.356496622893071	3.13860280445283
1.780235837	1.6755160819	-13.4735579247368	-20.4481670451013	-14.446438993285	0.474242930884109	3.1237897852732
1.780235837	1.7278759595	-13.6853502415709	-20.3694644359674	-14.7343288774877	0.588755046492629	3.11798002145829
1.780235837	1.780235837	-13.8147831607119	-20.253428184336	-14.9333102454048	0.698798582706283	3.10842782308658
1.780235837	1.8325957146	-13.8824429712751	-20.1018573864786	-15.067531209995	0.807006335700067	3.08827773557049
1.780235837	1.8849555922	-13.9336294813191	-19.8752355969519	-15.2096706651827	0.914145059806891	3.05935082996672
1.780235837	1.9373154697	-14.0094331783209	-19.5430472596207	-15.4340898482606	1.01613925379667	3.02962978189145
1.780235837	1.9896753473	-14.1549805754437	-19.1410357186042	-15.81233028703	1.1065410511174	3.00763339769405
1.780235837	2.0420352248	-14.3934557491713	-18.7609680233931	-16.3712226240564	1.18143437228321	2.99820555852108
1.780235837	2.0943951024	-14.7099334725249	-18.5272161429417	-17.0399619895894	1.24117190528204	3.00008786671181
1.780235837	2.14675498	-15.0676193710104	-18.5168959435437	-17.6792687229226	1.29080600120798	3.00436173653757
1.780235837	2.1991148575	-15.4227343738785	-18.7871025722703	-18.1056689507189	1.33484543250356	2.99854712961505
1.780235837	2.2514747351	-15.7195565495932	-19.3297976856035	-18.2028224061393	1.37703183030368	2.97577560510052
1.780235837	2.3038346126	-15.8941735253519	-20.0892955785444	-17.9745783336689	1.41641099397363	2.9438087883355
1.780235837	2.3561944902	-15.9586815679275	-20.9859796234767	-17.5970000712945	1.44556598163231	2.91839166995445
1.780235837	2.4085543678	-16.0048980236015	-21.9557120680668	-17.277798784713	1.4492657158726	2.9114353473138
1.780235837	2.4609142453	-16.1691040643652	-22.98035850705	-17.1839852419756	1.40828897426988	2.92292372086393
1.780235837	2.5132741229	-16.5431384367884	-24.0783700950684	-17.3859284814685	1.30359046847438	2.94078612923245
1.780235837	2.5656340004	-17.1446987600764	-25.2412958554365	-17.8761474317761	1.11875992827343	2.93943625407903
1.780235837	2.617993878	-17.8849466529993	-26.3385325647048	-18.553980449311	0.844550242631408	2.88014494264806
1.780235837	2.6703537556	-18.4871013052615	-27.073939467772	-19.1343337588772	0.493742545874207	2.72208167021518
1.780235837	2.7227136331	-18.4316508056916	-27.2243829096395	-19.0466860585377	0.121180692529978	2.46864294961992
1.780235837	2.7750735107	-17.4965874833504	-27.0078370917173	-18.0120254260548	-0.206492212223368	2.20596123288293
1.780235837	2.8274333882	-16.183404743503	-26.9152741444169	-16.5667809715821	-0.460375747675556	2.01450320222071
1.780235837	2.8797932658	-15.0812524305938	-27.3480201729476	-15.3469103238827	-0.643547724837382	1.89982037360298
1.780235837	2.9321531434	-14.4539501165521	-28.5728006921018	-14.6255234053104	-0.759402887595612	1.83950010391709
1.780235837	2.9845130209	-14.3306133121872	-30.8269427280627	-14.4290286629856	-0.786873802355231	1.81664342164157
1.780235837	3.0368728985	-14.6290376810845	-34.2655501241855	-14.6765170428403	-0.623553389298457	1.8237905855981
1.780235837	3.089232776	-15.1873760399933	-36.9414526204147	-15.2164718620598	-0.0113075348741186	1.85893981859043
1.780235837	3.1415926536	-15.8298655506128	-33.9975370152888	-15.8965999276933	0.638189978936672	1.92194842550289
1.8325957146	-3.1415926536	-15.8307328105071	-34.281211532274	-15.8932295744042	-2.9334352025613	-1.22588579000887
1.8325957146	-3.089232776	-16.5048022915813	-30.392590104163	-16.6859493989822	-2.48333518107752	-1.13555104022232
1.8325957146	-3.0368728985	-17.0924842939671	-26.7906612237762	-17.5849274953229	-2.28551462192584	-1.01102508554803
1.8325957146	-2.9845130209	-17.5743186772631	-23.8758149190297	-18.7339711770103	-2.15611227889545	-0.829969410748857
1.8325957146	-2.9321531434	-17.7381157010745	-21.4127520596873	-20.1723487915981	-2.03775904787351	-0.534734067004901
1.8325957146	-2.8797932658	-17.0799801959285	-19.2595853502914	-21.1183644031878	-1.92068923666372	-0.0519918254304752
1.8325957146	-2.8274333882	-15.4829100232681	-17.3799955846641	-19.9939529229411	-1.80867146364797	0.507234393524308
1.8325957146	-2.7750735107	-13.5750200435543	-15.805362620533	-17.5366979663552	-1.7060795064453	0.900995014853205
1.8325957146	-2.7227136331	-11.940361757299	-14.5783456168988	-15.3579145657087	-1.61391703202396	1.13639946054493
1.8325957146	-2.6703537556	-10.8002895869039	-13.7238772701013	-13.8990684682108	-1.5300414531532	1.29628014381184
1.8325957146	-2.617993878	-10.1613381853866	-13.2367108462509	-13.1075260813822	-1.45130358931892	1.43228262648115
1.8325957146	-2.5656340004	-9.9381202945852	-13.0986182401416	-12.8032435887292	-1.37464118528966	1.57407491769192
1.8325957146	-2.5132741229	-9.9691376712547	-13.250455818462	-12.7243432710993	-1.29858453415162	1.73716862208312
1.8325957146	-2.4609142453	-10.0707688348937	-13.6373615977533	-12.5880091383195	-1.22332308499138	1.9197347599201
1.8325957146	-2.4085543678	-10.0720143121072	-14.1776579756489	-12.2083331430032	-1.15209415193278	2.10233432671407
1.8325957146	-2.3561944902	-9.90426814999188	-14.7956029607011	-11.6063429937168	-1.09093593311169	2.26324504149219
1.8325957146	-2.3038346126	-9.61339878356271	-15.4399724858676	-10.9294368703816	-1.04605177363253	2.39676998551086
1.8325957146	-2.2514747351	-9.2815483380907	-16.0805870391688	-10.2996509887709	-1.02240392712052	2.51072674289472
1.8325957146	-2.1991148575	-8.95843055697654	-16.7063514719664	-9.75699262684545	-1.02128008067779	2.61657276552166
1.8325957146	-2.14675498	-8.6419332833357	-17.3458797666726	-9.27063647453301	-1.03909466805078	2.7220398237761
1.8325957146	-2.0943951024	-8.28494979344509	-18.0069848949364	-8.77453718929874	-1.07258528448495	2.8263552511492
1.8325957146	-2.0420352248	-7.85805128073798	-18.7208283726194	-8.22954269109143	-1.11818773666667	2.92302723014687
1.8325957146	-1.9896753473	-7.35861453511603	-19.4824149979139	-7.63345052165945	-1.17685317195124	3.00501509027581
1.8325957146	-1.9373154697	-6.82691730045013	-20.2342828307977	-7.02975571451091	-1.25284679437348	3.06951054709436
1.8325957146	-1.8849555922	-6.30371542630844	-20.8606577526734	-6.45852853811082	-1.35061836023016	3.119525964718
1.8325957146	-1.8325957146	-5.81872230250178	-21.2042267081206	-5.94624705997161	-1.46750431481199	-3.12182926055984
1.8325957146	-1.780235837	-5.3793514051676	-21.1533719326449	-5.49581560718928	-1.58941210831531	-3.08208171775842
1.8325957146	-1.7278759595	-4.97508246869969	-20.7299438548373	-5.09206859177221	-1.6968646596954	-3.04101196488559
1.8325957146	-1.6755160819	-4.58628133985619	-20.0778221365895	-4.71068569989228	-1.77790800717226	-2.99915802482283
1.8325957146	-1.6231562044	-4.19656105339991	-19.3503515123159	-4.33118397893219	-1.8323849856224	-2.96031067295839
1.8325957146	-1.5707963268	-3.79696301323195	-18.6280390000358	-3.94214597040495	-1.8673239708898	-2.92919079845927
1.8325957146	-1.5184364492	-3.38978366672575	-17.9375455230643	-3.54493030305445	-1.89239723968983	-2.90970969527889
1.8325957146	-1.4660765717	-2.97270706808023	-17.2372768185418	-3.13850957286574	-1.91468161800397	-2.9029494021311
1.8325957146	-1.4137166941	-2.54673395925507	-16.4917209761471	-2.72546144140141	-1.9395233840149	-2.90720280290278
1.8325957146	-1.3613568166	-2.11162844661773	-15.6705659947189	-2.30735056642424	-1.96799864457846	-2.91961335880452
1.8325957146	-1.308996939	-1.66827189796886	-14.7913129480809	-1.88518240634975	-1.99908218061915	-2.93754530727536
1.8325957146	-1.2566370614	-1.22879960842103	-13.8947434327342	-1.47046654950801	-2.03041375747935	-2.95948258617357
1.8325957146	-1.2042771839	-0.805749362370149	-13.0403200659576	-1.07344625806499	-2.06093843656657	-2.98548492055917
1.8325957146	-1.1519173063	-0.415990211236889	-12.268957253422	-0.709121192061788	-2.0902989524831	-3.01648397351098
1.8325957146	-1.0995574288	-0.0686836124444067	-11.6041557403219	-0.384875541295682	-2.12028336639694	-3.05293908140529
1.8325957146	-1.0471975512	0.236278535062956	-11.0348070455167	-0.100549564966342	-2.15277193208757	-3.09461488629808
1.8325957146	-0.9948376736	0.503181197196397	-10.5281867837258	0.146432110189529	-2.1895613152523	-3.13983650982067
1.8325957146	-0.9424777961	0.744315963334294	-10.0423846564167	0.36596534315172	-2.23183950810475	3.09707314683337
1.8325957146	-0.8901179185	0.9766699245092	-9.54689421584827	0.573556097547298	-2.28013884519684	3.05223538293474
1.8325957146	-0.837758041	1.20008540701282	-9.03381322847319	0.76773837981756	-2.33318474213703	3.0102207077305
1.8325957146	-0.7853981634	1.41308734981775	-8.51627808578458	0.947592772122287	-2.39088447862298	2.97057712684724
1.8325957146	-0.7330382858	1.61456839233056	-8.02619502963021	1.11518035900297	-2.45272547996995	2.93151901334919
1.8325957146	-0.6806784083	1.78647496345168	-7.59356383922642	1.25421778787983	-2.51981058353811	2.89010625841154
1.8325957146	-0.6283185307	1.93346866791557	-7.24113976711988	1.37369623852939	-2.5934360390239	2.84441182864718
1.8325957146	-0.5759586532	2.04469128998976	-6.96189986451047	1.46128801270463	-2.67455587512853	2.79287218776591
1.8325957146	-0.5235987756	2.13282282856987	-6.74053952686262	1.52992414904692	-2.76278090316458	2.73632650898057
1.8325957146	-0.47123889804	2.20164643395345	-6.55086764103504	1.58045982198467	-2.85648898605474	2.67623012668531
1.8325957146	-0.41887902048	2.26294784928565	-6.36961366026976	1.62301884562971	-2.95309844360343	2.61476024699612
1.8325957146	-0.36651914292	2.33352120510762	-6.19326088942668	1.67655928627693	-3.04990210226269	2.55477911663887
1.8325957146	-0.31415926536	2.413789663983	-6.0292312975298	1.74299377518766	3.13791499250395	2.49689699456614
1.8325957146	-0.2617993878	2.49959744447212	-5.90136832305568	1.82173748972515	3.04402434499036	2.44068788780939
1.8325957146	-0.20943951024	2.58354307762727	-5.82493162856961	1.90695027636959	2.95067820875281	2.3847549066103
1.8325957146	-0.15707963268	2.65319401166188	-5.81493785926066	1.9865781199321	2.8570953871188	2.32733200857123
1.8325957146	-0.10471975512	2.69341888179193	-5.87305902825028	2.04290543718714	2.76378827857311	2.26704250065541
1.8325957146	-0.05235987756	2.68983179030973	-5.99982980000117	2.05889924752123	2.67357279747644	2.20369364061092
1.8325957146	-4.4408920985E-16	2.6389780879923	-6.19668768030659	2.03043752746895	2.59039229292743	2.13728269664188
1.8325957146	0.05235987756	2.52279175503805	-6.46995292503832	1.93739407601453	-0.621889929334493	-1.07100265213315
1.8325957146	0.10471975512	2.35463080113995	-6.82523151968573	1.79558063954024	-0.676111584690463	-1.13748544252606
1.8325957146	0.15707963268	2.13011261244977	-7.2581820467686	1.59893070676358	-0.710802600154574	-1.20133505601256
1.8325957146	0.20943951024	1.86777952890883	-7.75303480442633	1.36595421675636	-0.725283903994141	-1.26215135119363
1.8325957146	0.2617993878	1.57756407494402	-8.28038185251103	1.10391469724425	-0.721148488868493	-1.32000800135616
1.8325957146	0.31415926536	1.26880642358404	-8.8032265964651	0.819161931979935	-0.702111331347235	-1.3754531130287
1.8325957146	0.36651914292	0.942521990211927	-9.2943448135201	0.510485540112696	-0.671143869458068	-1.42973936123117
1.8325957146	0.41887902048	0.608809705924235	-9.73399868724644	0.187706533018136	-0.631907954295289	-1.48401093834993
1.8325957146	0.47123889804	0.267327843431625	-10.1248634866259	-0.148778555294505	-0.586045129896874	-1.53835987198417
1.8325957146	0.5235987756	-0.0920673584761449	-10.4697711656546	-0.509633186931047	-0.534465819953098	-1.59212317367341
1.8325957146	0.5759586532	-0.470993473855653	-10.7613073108315	-0.897477363455047	-0.478159497320581	-1.64426846505508
1.8325957146	0.6283185307	-0.875777739145314	-10.9980224262249	-1.31997989316081	-0.421754066351527	-1.69403950104128
1.8325957146	0.6806784083	-1.31674845109065	-11.1802630723798	-1.78975659969597	-0.370684982883155	-1.74194493421589
1.8325957146	0.7330382858	-1.8016441023766	-11.3204941223136	-2.31612522972423	-0.331949052769763	-1.79006003815955
1.8325957146	0.7853981634	-2.34143045943222	-11.4458044639067	-2.9109543658433	-0.309702960444831	-1.84199013282478
1.8325957146	0.837758041	-2.93758931627723	-11.5880484459839	-3.5746836942133	-0.304148665151266	-1.9020440249357
1.8325957146	0.8901179185	-3.58217515846649	-11.7695944495804	-4.29716795797516	-0.310581724908683	-1.97374997289438
1.8325957146	0.9424777961	-4.2568307069553	-12.015630901358	-5.05319991761826	-0.321372190088585	-2.05829083710214
1.8325957146	0.9948376736	-4.93549691179947	-12.3385263692268	-5.8071314440426	-0.328099052397064	-2.1530618204446
1.8325957146	1.0471975512	-5.59916762334585	-12.7535237962058	-6.52806097969798	-0.324441685490127	-2.25255747675594
1.8325957146	1.0995574288	-6.24461691566506	-13.2548056437598	-7.20860994203929	-0.307538744210308	-2.34922200982012
1.8325957146	1.1519173063	-6.881338627629	-13.829660278742	-7.86084525088883	-0.279170487565921	-2.43773899987454
1.8325957146	1.2042771839	-7.52510255237538	-14.4602583368804	-8.50794646036324	-0.244517252557937	-2.51790675685591
1.8325957146	1.2566370614	-8.18539741292073	-15.1228410702259	-9.16766047991923	-0.209420256703028	-2.5943236092525
1.8325957146	1.308996939	-8.85593303504192	-15.81262638037	-9.83332418495142	-0.177533828700646	-2.67364428339275
1.8325957146	1.3613568166	-9.51782953547387	-16.518371037829	-10.4842235242757	-0.146869779625435	-2.76027911497642
1.8325957146	1.4137166941	-10.1407272264138	-17.2196903418254	-11.0877953392786	-0.109566750616397	-2.85343157031058
1.8325957146	1.4660765717	-10.6989752618588	-17.8702432808242	-11.6238451717136	-0.0541554580046064	-2.94591671396826
1.8325957146	1.5184364492	-11.1989270503686	-18.4129514569248	-12.1137109192221	0.0280759550028205	-3.02715372510819
1.8325957146	1.5707963268	-11.6414275225839	-18.7496242079077	-12.58140187109	0.137072091081279	-3.08895589595177
1.8325957146	1.6231562044	-12.0315240463869	-18.8335605851942	-13.0488350619517	0.260968482687555	-3.1292482672103
1.8325957146	1.6755160819	-12.3598241449003	-18.6935713991444	-13.5096533726331	0.383222376802814	3.130015719297
1.8325957146	1.7278759595	-12.6035072215308	-18.4184708496003	-13.9236621853872	0.492727598081861	3.11209822596346
1.8325957146	1.780235837	-12.7623569174306	-18.0941193368533	-14.2679810151766	0.588292101285697	3.08931114898157
1.8325957146	1.8325957146	-12.8543251894911	-17.7500446612867	-14.5542977767269	0.674439592627205	3.05563873385168
1.8325957146	1.8849555922	-12.9068939361068	-17.3759898600351	-14.8271300292273	0.756434408833188	3.01279325026959
1.8325957146	1.9373154697	-12.9607226354431	-16.9656222011336	-15.1622932784232	0.836828139123947	2.96757098126515
1.8325957146	1.9896753473	-13.0442195116551	-16.5248418804124	-15.6301905977164	0.914479516458299	2.92729818775483
1.8325957146	2.0420352248	-13.1749870315422	-16.1132029897057	-16.2585876561792	0.985524028484817	2.89535276048024
1.8325957146	2.0943951024	-13.3435291806666	-15.8021084137216	-16.9859812782628	1.04820012777341	2.87010855585464
1.8325957146	2.14675498	-13.5377525754985	-15.6599274989269	-17.665748755506	1.10286155703273	2.8444986129224
1.8325957146	2.1991148575	-13.745093825218	-15.7260174323491	-18.107138696768	1.15151048781119	2.81061065051373
1.8325957146	2.2514747351	-13.9343489509361	-15.9962634605895	-18.1597298638592	1.19684844177072	2.76859836756802
1.8325957146	2.3038346126	-14.0785248469329	-16.4338408262139	-17.8604405879006	1.24013147286994	2.72907478661652
1.8325957146	2.3561944902	-14.1802590543528	-16.981422207476	-17.4102786796242	1.2796778430772	2.70503275742218
1.8325957146	2.4085543678	-14.3134477979623	-17.6102098474149	-17.0550172456998	1.30946012913606	2.70171596037398
1.8325957146	2.4609142453	-14.5660656103747	-18.3183969006047	-16.942808250199	1.32118122258573	2.71594882931713
1.8325957146	2.5132741229	-15.0278695709055	-19.1903308195945	-17.1284672688075	1.30447235513531	2.73439891360411
1.8325957146	2.5656340004	-15.734369885371	-20.3573933275153	-17.5713173799113	1.24792542994878	2.73349418911585
1.8325957146	2.617993878	-16.6229285123116	-21.9608937666946	-18.1259849477874	1.1348959789595	2.68010760273191
1.8325957146	2.6703537556	-17.4301322998394	-24.0805683651236	-18.4883575266658	0.933437948581195	2.54513027952204
1.8325957146	2.7227136331	-17.6267630991976	-26.459210235116	-18.2357879926681	0.589286143605593	2.34066902921758
1.8325957146	2.7750735107	-16.9167829513236	-28.0181602068051	-17.2675904738502	0.0918791050791721	2.13281627641031
1.8325957146	2.8274333882	-15.7495525398471	-27.9883461819954	-16.0169810847788	-0.38740056232787	1.97713248541955
1.8325957146	2.8797932658	-14.7470493859412	-27.526902227704	-14.9822875858941	-0.70491095657525	1.88074514463807
1.8325957146	2.9321531434	-14.1862905603815	-27.7228762326209	-14.3830458272938	-0.884655982402517	1.82878387819501
1.8325957146	2.9845130209	-14.1255831448706	-28.9552676951071	-14.270813411292	-0.957750360654388	1.80988089603465
1.8325957146	3.0368728985	-14.4827469768452	-31.3748603197801	-14.5725007963595	-0.891426834981712	1.81844966260683
1.8325957146	3.089232776	-15.1073410777658	-34.4881342489311	-15.1577168069929	-0.520961037500541	1.85342225672025
1.8325957146	3.1415926536	-15.8307328105071	-34.281211532274	-15.8932295744042	0.208157451028494	1.91570686358093
1.8849555922	-3.1415926536	-15.8307922466922	-33.1276115533928	-15.912484445931	2.96304465895695	-1.23211697168548
1.8849555922	-3.089232776	-16.5923200675706	-30.5126123104521	-16.7720881081023	-2.71185580711815	-1.14231397010573
1.8849555922	-3.0368728985	-17.2680136229064	-26.9709642326976	-17.7598840115791	-2.39675331261582	-1.01586626023646
1.8849555922	-2.9845130209	-17.8191579064105	-24.0216125581535	-19.0095807485641	-2.2017770086573	-0.829260120920853
1.8849555922	-2.9321531434	-18.0164168782357	-21.5690700137946	-20.5446361597274	-2.03846211825554	-0.522724984001041
1.8849555922	-2.8797932658	-17.3510705276018	-19.4472488959478	-21.5206458667805	-1.88661224293277	-0.0216958322225745
1.8849555922	-2.8274333882	-15.7449256798614	-17.6053470287126	-20.3237101517528	-1.74720094222841	0.549676218306076
1.8849555922	-2.7750735107	-13.8549927552764	-16.0807891119831	-17.8234525625857	-1.62397954559723	0.947253328017385
1.8849555922	-2.7227136331	-12.2597863157444	-14.9299886507571	-15.6390973124316	-1.51620258438198	1.18871639373717
1.8849555922	-2.6703537556	-11.1714855517452	-14.1851644838174	-14.1784091598796	-1.41995704590581	1.35895265127464
1.8849555922	-2.617993878	-10.5907544628388	-13.8524899464649	-13.3633825775562	-1.33023950883401	1.50978953471476
1.8849555922	-2.5656340004	-10.4141735663273	-13.9108754279541	-12.9871024414852	-1.24222181491857	1.67010992743363
1.8849555922	-2.5132741229	-10.4763577739123	-14.321493935479	-12.7867174631289	-1.15251916210508	1.85240071246561
1.8849555922	-2.4609142453	-10.5545080736341	-15.0165867201516	-12.4786510362333	-1.06077009731033	2.04949454239458
1.8849555922	-2.4085543678	-10.4721929479191	-15.9299792489067	-11.9266497825172	-0.970069143555992	2.23924884143495
1.8849555922	-2.3561944902	-10.1839402903827	-16.9991961061425	-11.1977687330759	-0.888040259606499	2.401897491573
1.8849555922	-2.3038346126	-9.76742087046067	-18.1919330685219	-10.4413158594013	-0.825202431720217	2.53476442701055
1.8849555922	-2.2514747351	-9.32286750528928	-19.5120660758325	-9.75992024268487	-0.79188250319661	2.64808880115945
1.8849555922	-2.1991148575	-8.90063478647394	-20.9789024446192	-9.17846204662288	-0.796953774172375	2.75237829690343
1.8849555922	-2.14675498	-8.48721826305875	-22.6092377499048	-8.65866390278216	-0.848079031565023	2.85421079068476
1.8849555922	-2.0943951024	-8.04473380035596	-24.3885896645715	-8.14670732357035	-0.953783694868316	2.95301502688844
1.8849555922	-2.0420352248	-7.54592079096792	-26.2057457393858	-7.60545617854598	-1.12871365368934	3.04338094945484
1.8849555922	-1.9896753473	-7.00355134040215	-27.7253142573347	-7.04048765208279	-1.38998722311319	3.11972437418091
1.8849555922	-1.9373154697	-6.45307607301133	-28.3054929719132	-6.48151832355965	-1.71962194065197	-3.10267183866671
1.8849555922	-1.8849555922	-5.92826148181986	-27.5779636226862	-5.95806747133555	-2.02855852336092	-3.05441136814645
1.8849555922	-1.8325957146	-5.44709314874714	-26.0154475453891	-5.48536337039879	-2.23932520000591	-3.01316054337829
1.8849555922	-1.780235837	-5.00831580326056	-24.2508992896133	-5.0603302627617	-2.35400276470594	-2.9737356290484
1.8849555922	-1.7278759595	-4.59804284038206	-22.6091922247051	-4.66724584140429	-2.40529456688356	-2.93352348161269
1.8849555922	-1.6755160819	-4.19915800571953	-21.1942289529533	-4.28678770764231	-2.42049594291453	-2.89367397662504
1.8849555922	-1.6231562044	-3.79740328009521	-20.0186122553211	-3.90233320124294	-2.41674792369062	-2.85741615447311
1.8849555922	-1.5707963268	-3.39051104382277	-19.0458951084231	-3.51024542376744	-2.40410912253679	-2.82945854754329
1.8849555922	-1.5184364492	-2.97905260858642	-18.2137567903353	-3.11115240275217	-2.38855275022196	-2.81278401306958
1.8849555922	-1.4660765717	-2.56498052303807	-17.4485709125009	-2.70838938327972	-2.37348504327646	-2.80817955668959
1.8849555922	-1.4137166941	-2.14439402568941	-16.6824038538431	-2.29989575237043	-2.36102068141172	-2.81415518073356
1.8849555922	-1.3613568166	-1.71672189851571	-15.8858553900546	-1.88628109066745	-2.35135083049201	-2.82821159691924
1.8849555922	-1.308996939	-1.28477765998794	-15.0509552990445	-1.47118086368536	-2.34499497715611	-2.84812758980407
1.8849555922	-1.2566370614	-0.855650203855909	-14.2131164615475	-1.06088888110046	-2.34057644182848	-2.87260544904344
1.8849555922	-1.2042771839	-0.444939071954806	-13.4086680304079	-0.670168012803433	-2.33765360025966	-2.90153941888622
1.8849555922	-1.1519173063	-0.0630961252354298	-12.6727106212516	-0.308008618999117	-2.3370304167132	-2.93582535131163
1.8849555922	-1.0995574288	0.280245819499096	-12.0117919367128	0.0161770295834755	-2.3389985564516	-2.97563991857499
1.8849555922	-1.0471975512	0.586699915985791	-11.4140972889582	0.303705760591632	-2.34514231791168	-3.02049548173501
1.8849555922	-0.9948376736	0.857523674261009	-10.8461974677801	0.553777372557122	-2.35693392850601	-3.06867418452997
1.8849555922	-0.9424777961	1.11786298643849	-10.2748983486688	0.790700409227773	-2.37558262639482	-3.11799886025087
1.8849555922	-0.8901179185	1.35886462211111	-9.67674432099577	1.00247842287704	-2.40123627494737	3.11702540440212
1.8849555922	-0.837758041	1.58913636030247	-9.05678379487374	1.19774153922979	-2.43410485097665	3.07104616491436
1.8849555922	-0.7853981634	1.80766912773502	-8.43660904046839	1.37640714994809	-2.47394701840555	3.02680735037455
1.8849555922	-0.7330382858	2.00714102269829	-7.84900917772707	1.5332846733767	-2.52119970646193	2.98250701346407
1.8849555922	-0.6806784083	2.17653589181255	-7.32212483789373	1.65950898194309	-2.57646714429252	2.93585354926712
1.8849555922	-0.6283185307	2.30821471152281	-6.8732446983282	1.74938390974731	-2.64083727300077	2.88475581382712
1.8849555922	-0.5759586532	2.40881558073056	-6.49986057995234	1.81115136146674	-2.7147203020604	2.82859602914309
1.8849555922	-0.5235987756	2.47260187384753	-6.18281729541412	1.83629067580028	-2.79760922617507	2.76754961451159
1.8849555922	-0.47123889804	2.5137364788007	-5.90123764088263	1.83823840575177	-2.88795390888601	2.70349878704209
1.8849555922	-0.41887902048	2.54253216831872	-5.63717376389891	1.82615753534898	-2.98289959089687	2.63835890094949
1.8849555922	-0.36651914292	2.57527518155737	-5.38708874668344	1.81874652117903	-3.07967488567033	2.57460216843058
1.8849555922	-0.31415926536	2.6156196439986	-5.16694849867846	1.82401828050269	3.10668936572454	2.51290960314133
1.8849555922	-0.2617993878	2.65891904117775	-4.99520713233995	1.84117472147444	3.01017448681427	2.45267563970516
1.8849555922	-0.20943951024	2.7003357050263	-4.88929259117943	1.86910765265125	2.9134777906219	2.39258150178126
1.8849555922	-0.15707963268	2.72973689812238	-4.85645220356827	1.89778303235663	2.81613617044146	2.33095821380118
1.8849555922	-0.10471975512	2.73568287261383	-4.90015173694144	1.91413913110312	2.71899523997343	2.26656176309517
1.8849555922	-0.05235987756	2.71026814172405	-5.01424324553978	1.90696512818339	2.62478841705681	2.19862452006109
1.8849555922	-4.4408920985E-16	2.63858110420903	-5.20109116936365	1.85830771483826	2.53773999966811	2.12831730580662
1.8849555922	0.05235987756	2.52052094154629	-5.46325413415451	1.76805468564464	-0.678959215576161	-1.08511009636779
1.8849555922	0.10471975512	2.3543514518637	-5.80698922684696	1.63467504399036	-0.738051339594107	-1.15659277711849
1.8849555922	0.15707963268	2.14561666250916	-6.22805646995756	1.46312936596388	-0.778156118513884	-1.22646506565735
1.8849555922	0.20943951024	1.90926467592644	-6.70989967500893	1.26720495409528	-0.799024615241833	-1.29390936892094
1.8849555922	0.2617993878	1.65755050486275	-7.22174828738857	1.05553518695836	-0.801800796407834	-1.35907211431437
1.8849555922	0.31415926536	1.4027522507142	-7.72371373656024	0.836315021494024	-0.789527494722134	-1.42257999953493
1.8849555922	0.36651914292	1.14257749591156	-8.1841751779179	0.60332427212358	-0.766710426779578	-1.48514496492191
1.8849555922	0.41887902048	0.880803568698756	-8.58549312759021	0.359667774707297	-0.737308967443173	-1.5477198117424
1.8849555922	0.47123889804	0.620710382647857	-8.93147061200294	0.110403106217266	-0.704440788210887	-1.61034092097372
1.8849555922	0.5235987756	0.352659344245604	-9.230473419266	-0.153804145934782	-0.670130599714383	-1.6722171441521
1.8849555922	0.5759586532	0.0627993051489339	-9.50303362460792	-0.445808790984155	-0.636393333906291	-1.73234539810735
1.8849555922	0.6283185307	-0.255863595732126	-9.7520281925461	-0.773206184038587	-0.606244390729829	-1.79018851498315
1.8849555922	0.6806784083	-0.613883861822326	-9.98220883105559	-1.1476706560928	-0.583188659138058	-1.84622719202034
1.8849555922	0.7330382858	-1.01882603164828	-10.1927018417032	-1.57869925622122	-0.57114322283448	-1.90233190591845
1.8849555922	0.7853981634	-1.47505486202254	-10.3906688184921	-2.0716964423091	-0.572589578316292	-1.96160360069796
1.8849555922	0.837758041	-1.98179808838166	-10.5932530642248	-2.62508738717264	-0.587063532626732	-2.02754666835393
1.8849555922	0.8901179185	-2.5290051424911	-10.8192848628018	-3.22584425631186	-0.60978649918814	-2.10263798666342
1.8849555922	0.9424777961	-3.10245736616519	-11.1031462635451	-3.85173130644334	-0.634524676170004	-2.18693432900213
1.8849555922	0.9948376736	-3.68911507478862	-11.4849036586444	-4.47807794201532	-0.654231601439024	-2.27737013571847
1.8849555922	1.0471975512	-4.2836596156647	-11.9978176561724	-5.08906923375841	-0.663800867633548	-2.36826352308308
1.8849555922	1.0995574288	-4.89290191454929	-12.650944315457	-5.68942365451717	-0.660064707077259	-2.45368231459195
1.8849555922	1.1519173063	-5.52847879383049	-13.4381185566776	-6.29511324384646	-0.643407134734489	-2.5298858749098
1.8849555922	1.2042771839	-6.19763477197783	-14.3099965095284	-6.92619783793414	-0.616385212793451	-2.59774696620537
1.8849555922	1.2566370614	-6.89632509185934	-15.2267412345776	-7.58621649235348	-0.583295928806507	-2.66134238258132
1.8849555922	1.308996939	-7.61360393602924	-16.1484091971155	-8.26925698264537	-0.54663866636057	-2.72663043670732
1.8849555922	1.3613568166	-8.3235316076561	-17.0457617554905	-8.94939372194603	-0.504589240261646	-2.79777707140892
1.8849555922	1.4137166941	-9.00774785785833	-17.9271439303084	-9.60383273884182	-0.450261065613122	-2.87508357410889
1.8849555922	1.4660765717	-9.64298317771055	-18.7606168590244	-10.2106523042576	-0.37076559227329	-2.95337872510821
1.8849555922	1.5184364492	-10.2342093105189	-19.490819223511	-10.7828211716232	-0.255317283261315	-3.02463754964413
1.8849555922	1.5707963268	-10.7817088648194	-19.9808526858944	-11.3381168380774	-0.102954983316307	-3.08220212000445
1.8849555922	1.6231562044	-11.289961198866	-20.1025494080947	-11.9019835754046	0.069166292301468	-3.12401572523365
1.8849555922	1.6755160819	-11.732089247228	-19.8452780011643	-12.4605012754907	0.232851262697262	3.129229722834
1.8849555922	1.7278759595	-12.0894315010412	-19.337389941781	-12.9962972900253	0.368031987351194	3.10290776182859
1.8849555922	1.780235837	-12.3461889809065	-18.7313452626844	-13.4805547631187	0.473386064503646	3.07133460855895
1.8849555922	1.8325957146	-12.513245243322	-18.103498019999	-13.9161098383244	0.558480052726873	3.02957602558823
1.8849555922	1.8849555922	-12.621653779985	-17.4676679980312	-14.3456431885659	0.634475944484468	2.978570316122
1.8849555922	1.9373154697	-12.7043627383024	-16.8297020241737	-14.8282126382464	0.709386740818766	2.9239223673763
1.8849555922	1.9896753473	-12.7896753788786	-16.1934744914864	-15.4391865126339	0.783573317016212	2.87081678939123
1.8849555922	2.0420352248	-12.8759819637074	-15.5938856354032	-16.1997945358149	0.854855214834373	2.82112836146079
1.8849555922	2.0943951024	-12.9559638949611	-15.0944810765417	-17.0581501821037	0.920473268975373	2.77127703568346
1.8849555922	2.14675498	-13.0214798525012	-14.7510972149905	-17.8559676304877	0.978246935733814	2.71449961241098
1.8849555922	2.1991148575	-13.0651135576824	-14.5910682628088	-18.348200300747	1.02895076409408	2.64784169015717
1.8849555922	2.2514747351	-13.0891975748188	-14.61425221967	-18.3744229531747	1.07591865394873	2.57905506632681
1.8849555922	2.3038346126	-13.0912533646616	-14.7905004177903	-17.9884875989215	1.12163336717761	2.52436787847423
1.8849555922	2.3561944902	-13.0955021430665	-15.0851843823814	-17.4424338754671	1.16656071907579	2.49448602298026
1.8849555922	2.4085543678	-13.1565439787356	-15.4722682522508	-16.9940529583866	1.20875939406222	2.49011132884118
1.8849555922	2.4609142453	-13.3553385474812	-15.9676065939956	-16.803864931165	1.24278405635949	2.5029088325754
1.8849555922	2.5132741229	-13.7736239800709	-16.65931613904	-16.9122128609152	1.26075625163456	2.5188094536821
1.8849555922	2.5656340004	-14.4469035103613	-17.6802752124162	-17.2450320109184	1.25367010339471	2.5170259006161
1.8849555922	2.617993878	-15.337913545621	-19.2119357154839	-17.6281008439721	1.20877619887018	2.47166532881983
1.8849555922	2.6703537556	-16.2287482727663	-21.4759215136998	-17.7699120141898	1.10068217337802	2.36565759840068
1.8849555922	2.7227136331	-16.6444571600555	-24.6194641251255	-17.3985841368583	0.868779298432974	2.21225175651549
1.8849555922	2.7750735107	-16.2299212670429	-28.020154830533	-16.52746670108	0.382376483126777	2.05795351305976
1.8849555922	2.8274333882	-15.2917334183159	-28.8803599708797	-15.4860918272585	-0.309882975641354	1.93865758435513
1.8849555922	2.8797932658	-14.4171124117935	-27.5379388005378	-14.6341363717904	-0.770071773625768	1.86142686093043
1.8849555922	2.9321531434	-13.9407107068536	-26.7817678616464	-14.1725675199403	-0.987456099652534	1.8191476562811
1.8849555922	2.9845130209	-13.9364664609081	-27.2337733871693	-14.1446376400296	-1.07227555778706	1.80442856198314
1.8849555922	3.0368728985	-14.3463482083525	-28.9145403979333	-14.5007536099676	-1.03769972714764	1.81412674541437
1.8849555922	3.089232776	-15.0319882955296	-31.6015802394998	-15.1287388953552	-0.792120262918075	1.84847664134768
1.8849555922	3.1415926536	-15.8307922466922	-33.1276115533928	-15.912484445931	-0.178547994632848	1.90947568190431
1.9373154697	-3.1415926536	-15.8301395774859	-31.3165345675298	-15.9546935626795	2.69160450246734	-1.23844630689497
1.9373154697	-3.089232776	-16.6826731718354	-30.212939118252	-16.8797215590346	-2.93173968556881	-1.14950235966678
1.9373154697	-3.0368728985	-17.4459691637865	-27.0679958533031	-17.9476459975356	-2.50770360412955	-1.02116898938883
1.9373154697	-2.9845130209	-18.0761428410927	-24.1983026052391	-19.2921979270527	-2.24728459433329	-0.827841164199401
1.9373154697	-2.9321531434	-18.3243961071959	-21.8168221812561	-20.9007845800301	-2.03995657014237	-0.508111289019941
1.9373154697	-2.8797932658	-17.6826645943093	-19.772072099415	-21.8631761984732	-1.85363192019081	0.00994886044052254
1.9373154697	-2.8274333882	-16.100334672411	-18.0102110218523	-20.5881239583419	-1.68676681253788	0.587765155685087
1.9373154697	-2.7750735107	-14.2510643034966	-16.5735708611048	-18.0789630311302	-1.54198434417646	0.987128930280612
1.9373154697	-2.7227136331	-12.7130256856313	-15.5372184110246	-15.9177665374644	-1.41741018929896	1.2357437924041
1.9373154697	-2.6703537556	-11.6909716197939	-14.9541233497019	-14.4623347244393	-1.30731130766285	1.41871767293343
1.9373154697	-2.617993878	-11.1797765002741	-14.8451807022534	-13.6209609871296	-1.20424120372223	1.58660115270827
1.9373154697	-2.5656340004	-11.0617238440615	-15.2032844459026	-13.1753733672421	-1.10107304863509	1.76671696304211
1.9373154697	-2.5132741229	-11.1295764240764	-16.0027235890919	-12.8404050917059	-0.991616401668062	1.96767226889346
1.9373154697	-2.4609142453	-11.1334725320385	-17.2004567013499	-12.3675079191511	-0.872236347492738	2.17757553442158
1.9373154697	-2.4085543678	-10.8937739849082	-18.760719228704	-11.6686997337566	-0.742591765578607	2.37191133640273
1.9373154697	-2.3561944902	-10.4185262749355	-20.6851429918066	-10.8474627299075	-0.60655068872079	2.53463680308933
1.9373154697	-2.3038346126	-9.83315337221559	-23.0792143460809	-10.0438563979863	-0.471106363587686	2.66657379886756
1.9373154697	-2.2514747351	-9.25928201586487	-26.2679574992401	-9.3466348670262	-0.339646450672812	2.77846207701209
1.9373154697	-2.1991148575	-8.7318727462249	-31.1687362678553	-8.7567235193966	-0.196437740654946	2.88129919844336
1.9373154697	-2.14675498	-8.23695713149174	-42.1169951801587	-8.23873487618391	0.187260525382239	2.98051029690406
1.9373154697	-2.0943951024	-7.7361659939401	-38.063069350362	-7.7401959049467	2.6964097769581	3.07552720080054
1.9373154697	-2.0420352248	-7.20799535639653	-30.4894379189961	-7.22844388580108	2.90110929806077	-3.12139999616062
1.9373154697	-1.9896753473	-6.66631923052005	-26.7826119425559	-6.70880835323559	2.98782282749011	-3.04821421440947
1.9373154697	-1.9373154697	-6.13449686298817	-24.390036132206	-6.19988450321432	3.05711608531746	-2.98907838035023
1.9373154697	-1.8849555922	-5.63766543021769	-22.6059440670147	-5.7258429469097	3.12490728444773	-2.94112601793113
1.9373154697	-1.8325957146	-5.18089087769574	-21.1370893630502	-5.29250866252159	-3.08939720797051	-2.89978107164261
1.9373154697	-1.780235837	-4.75575498806969	-19.8510722295923	-4.89223170074067	-3.02177332860406	-2.86039793170461
1.9373154697	-1.7278759595	-4.34957745363117	-18.7083884682301	-4.5117535267204	-2.95881766021273	-2.82127742915513
1.9373154697	-1.6755160819	-3.9459551964745	-17.7019104215677	-4.13280725891003	-2.903092165783	-2.78365075161229
1.9373154697	-1.6231562044	-3.53819772985544	-16.8410474028778	-3.74609693913079	-2.85512932637098	-2.75042465779469
1.9373154697	-1.5707963268	-3.12782564581898	-16.1205745284605	-3.35151530138502	-2.81415702094663	-2.72565333234953
1.9373154697	-1.5184364492	-2.71451890158138	-15.5049207785828	-2.94917070065407	-2.77940391324578	-2.71167613796445
1.9373154697	-1.4660765717	-2.30198232580688	-14.9589768995721	-2.54416193010202	-2.7493416545938	-2.70911934158934
1.9373154697	-1.4137166941	-1.88532438573895	-14.4311638489643	-2.13396559773851	-2.72337367505374	-2.71631950825941
1.9373154697	-1.3613568166	-1.46336934713982	-13.8958844167457	-1.71878105692598	-2.70044799915646	-2.73138755287086
1.9373154697	-1.308996939	-1.03788549290631	-13.3457007372533	-1.30096708777125	-2.67977434241183	-2.75235034086265
1.9373154697	-1.2566370614	-0.615939527182057	-12.7877677597412	-0.887656330917606	-2.66078938740962	-2.77821995071045
1.9373154697	-1.2042771839	-0.210183759300714	-12.2516649359111	-0.49045223928112	-2.64293277662363	-2.80930210076401
1.9373154697	-1.1519173063	0.167907240685891	-11.7511431240801	-0.120646755880516	-2.62532562301802	-2.84588188861809
1.9373154697	-1.0995574288	0.511789646846478	-11.2865909857078	0.214821373091224	-2.6088459386403	-2.88816688077885
1.9373154697	-1.0471975512	0.82436621251886	-10.8420324598692	0.517903620676707	-2.59370393276329	-2.93560545792562
1.9373154697	-0.9948376736	1.10881450530927	-10.3851161179502	0.789469092702961	-2.58155673132468	-2.98647186275735
1.9373154697	-0.9424777961	1.37526914319133	-9.89198124285616	1.03813160854677	-2.57412090528788	-3.03874540587094
1.9373154697	-0.8901179185	1.63933181703859	-9.33902706194698	1.27801426703764	-2.57277312677848	-3.09048766464189
1.9373154697	-0.837758041	1.88927706027817	-8.74022894658477	1.49633105153964	-2.57931101530464	-3.14083339445346
1.9373154697	-0.7853981634	2.12590835939878	-8.11867579374106	1.69467832504066	-2.59505916554527	3.09289148914399
1.9373154697	-0.7330382858	2.3367749412374	-7.50951869624128	1.86178084433127	-2.62132761666244	3.04272706941511
1.9373154697	-0.6806784083	2.51206523808387	-6.94645528706669	1.98993704077912	-2.65844114483892	2.9897535144857
1.9373154697	-0.6283185307	2.64526388165869	-6.44617410096413	2.07392423602048	-2.70782056333043	2.93238059028157
1.9373154697	-0.5759586532	2.7367159111095	-6.01088782009802	2.1147737504284	-2.76947043893376	2.8702597605485
1.9373154697	-0.5235987756	2.79245577971361	-5.62333730447305	2.11709551314345	-2.84274253267341	2.8040301995826
1.9373154697	-0.47123889804	2.81418473525621	-5.2695335599487	2.08036947377467	-2.92566937474131	2.73492342903465
1.9373154697	-0.41887902048	2.81592406088604	-4.937526180273	2.01847732290739	-3.01544634725924	2.66497073290656
1.9373154697	-0.36651914292	2.81712332059616	-4.63154981605633	1.95556870344007	-3.10915178764206	2.59651768804462
1.9373154697	-0.31415926536	2.82115524773244	-4.36475325790732	1.89975279021335	3.07834489463564	2.53014259579666
1.9373154697	-0.2617993878	2.82048089914551	-4.16008597927024	1.84909447358489	2.98135923974143	2.46488257577266
1.9373154697	-0.20943951024	2.81937048105604	-4.03231511072168	1.81507037394507	2.88291674920043	2.40015879935258
1.9373154697	-0.15707963268	2.80846990256326	-3.98663963927963	1.78932863727401	2.78330352771621	2.33403728601804
1.9373154697	-0.10471975512	2.7795100668634	-4.02121941009515	1.76185398210089	2.68341604776225	2.26537779391604
1.9373154697	-0.05235987756	2.72468150755514	-4.13027549939691	1.72123212901374	2.5860800679024	2.19354398423595
1.9373154697	-4.4408920985E-16	2.63728292198136	-4.31190402606966	1.65799519050279	2.49546301243394	2.11893839027643
1.9373154697	0.05235987756	2.51448909743074	-4.56724733797903	1.56809650431144	-0.725546420946782	-1.09900973918726
1.9373154697	0.10471975512	2.35755752498432	-4.89754670978017	1.4523494175397	-0.789499061358417	-1.17583598203466
1.9373154697	0.15707963268	2.16717747242022	-5.30103446676171	1.3098984419991	-0.835928628500295	-1.2514933997957
1.9373154697	0.20943951024	1.96469898082978	-5.7610319010214	1.161643701326	-0.864128072780264	-1.32594496424896
1.9373154697	0.2617993878	1.76072490143013	-6.2432377237581	1.01206713971688	-0.87576907072573	-1.39879993770794
1.9373154697	0.31415926536	1.56314495741756	-6.71228916539805	0.863716882325702	-0.874338786742299	-1.47049707386742
1.9373154697	0.36651914292	1.37257506134587	-7.13392192791898	0.712291323409379	-0.864414102894513	-1.54162488025359
1.9373154697	0.41887902048	1.1939936932953	-7.49398205142491	0.562797491648288	-0.850963148291967	-1.61276978335763
1.9373154697	0.47123889804	1.00915855722351	-7.79737165421012	0.396218648433739	-0.837999451914528	-1.6837747133907
1.9373154697	0.5235987756	0.823797601929939	-8.06958929181137	0.223873097857904	-0.828382457085897	-1.75366581356642
1.9373154697	0.5759586532	0.609793209738315	-8.33186589101253	0.0169740352333082	-0.823975471438306	-1.82163291774658
1.9373154697	0.6283185307	0.361639726360878	-8.59976856653098	-0.228298508219808	-0.826517787538635	-1.88722258921765
1.9373154697	0.6806784083	0.0687171627930903	-8.87252376506033	-0.524163175708634	-0.837857373198014	-1.9510265777356
1.9373154697	0.7330382858	-0.274666998771733	-9.14514441394999	-0.877995468189587	-0.859838715022444	-2.01484926777612
1.9373154697	0.7853981634	-0.669052464656342	-9.4102001718463	-1.29198950731736	-0.892363831428591	-2.08132107713787
1.9373154697	0.837758041	-1.10866256886719	-9.6648822216043	-1.76083587991915	-0.933745563971541	-2.15319415010425
1.9373154697	0.8901179185	-1.58232807455267	-9.93525380909845	-2.26835583235922	-0.979485643712718	-2.23211279106706
1.9373154697	0.9424777961	-2.08107388003724	-10.2644047734438	-2.79679874771828	-1.02512137043818	-2.31705814445937
1.9373154697	0.9948376736	-2.60001682515118	-10.7082803283149	-3.32932885227572	-1.06663036531574	-2.40476450387446
1.9373154697	1.0471975512	-3.14352490373261	-11.3114842900496	-3.86200947620198	-1.1013922031888	-2.48994871342122
1.9373154697	1.0995574288	-3.72398729999518	-12.1018105589429	-4.40576876677776	-1.12876696116641	-2.56773069321273
1.9373154697	1.1519173063	-4.35281875769292	-13.0752185650069	-4.97865457344947	-1.1491134317532	-2.63564852591337
1.9373154697	1.2042771839	-5.0321177884661	-14.1995959027058	-5.59287203615455	-1.16295510719238	-2.69488968397823
1.9373154697	1.2566370614	-5.75297532738591	-15.4125518318615	-6.25007635235702	-1.17090662090171	-2.74945532553579
1.9373154697	1.308996939	-6.49501777642447	-16.6690353198375	-6.93368088637977	-1.17155985328902	-2.80466620369592
1.9373154697	1.3613568166	-7.23728789059334	-17.9461606748829	-7.62279260755541	-1.16126075036832	-2.86435018210598
1.9373154697	1.4137166941	-7.96091717436667	-19.2967723587297	-8.2925638169198	-1.1317734733318	-2.92954854134656
1.9373154697	1.4660765717	-8.65682051013872	-20.7934346486858	-8.93082071092467	-1.07063639418302	-2.99664296085829
1.9373154697	1.5184364492	-9.33078482432564	-22.4989899964243	-9.5453949015453	-0.955646376186205	-3.059602827954
1.9373154697	1.5707963268	-9.99097497343507	-24.2947940459362	-10.1552572162509	-0.753741873718263	-3.11316231332498
1.9373154697	1.6231562044	-10.6354077935461	-25.6277899898448	-10.7752111204754	-0.442701544973668	3.12782796383158
1.9373154697	1.6755160819	-11.2466101346347	-25.7073322530963	-11.4049554836554	-0.0847913688888386	3.09436319580859
1.9373154697	1.7278759595	-11.7900504608568	-24.6351456954093	-12.0216859431181	0.198064368564598	3.06356882136935
1.9373154697	1.780235837	-12.23988454465	-23.1750331721259	-12.60497115772	0.375421189634869	3.02880022737212
1.9373154697	1.8325957146	-12.5901327349522	-21.739879306116	-13.1533365167681	0.486270392620605	2.98607092028623
1.9373154697	1.8849555922	-12.866992022014	-20.410715123756	-13.7079656226136	0.568868124300324	2.93592842964035
1.9373154697	1.9373154697	-13.100724695165	-19.1757771602259	-14.3321118799568	0.644155936338155	2.881862361276
1.9373154697	1.9896753473	-13.3064953155478	-18.0279277290122	-15.0925135940948	0.71846264819009	2.82683374255043
1.9373154697	2.0420352248	-13.4692929835121	-16.9852701251447	-16.0267021425685	0.789895885755798	2.76966582739184
1.9373154697	2.0943951024	-13.5507303819233	-16.0941389456094	-17.0842293476904	0.854006391336288	2.7038426609263
1.9373154697	2.14675498	-13.5152997040019	-15.3905614536223	-18.0664683136199	0.908824560834717	2.62128496267594
1.9373154697	2.1991148575	-13.3816757773265	-14.8928277785013	-18.7001265384581	0.956293543559681	2.51972175237697
1.9373154697	2.2514747351	-13.1809273422597	-14.5908417797558	-18.7527450947966	0.999458851764377	2.41674873565885
1.9373154697	2.3038346126	-12.9559666781552	-14.4599252014101	-18.2917512846723	1.04211326012466	2.33812872173311
1.9373154697	2.3561944902	-12.7504565745592	-14.4622066244106	-17.6216959511174	1.08729084127219	2.29620087599064
1.9373154697	2.4085543678	-12.6294078643097	-14.5794577412084	-17.0453963726558	1.13494597231344	2.28583710845062
1.9373154697	2.4609142453	-12.6747953132827	-14.8454221047849	-16.7269901796048	1.18039061933824	2.29376962900933
1.9373154697	2.5132741229	-12.9532103872157	-15.3349485420868	-16.6986939423251	1.21693714817356	2.30564452225638
1.9373154697	2.5656340004	-13.5024609400806	-16.1857202263627	-16.8664492964134	1.23555126591983	2.3038187130209
1.9373154697	2.617993878	-14.2991093730395	-17.587696973306	-17.0478850535551	1.22504119446607	2.27016473409318
1.9373154697	2.6703537556	-15.1639672222667	-19.7738113749991	-17.0078696222567	1.16591733670876	2.1951644200374
1.9373154697	2.7227136331	-15.7003468989104	-23.0692874994045	-16.5795944885	1.00720129226099	2.09027708447512
1.9373154697	2.7750735107	-15.5326127622205	-27.484255222001	-15.8189366679873	0.591022532520606	1.98412670470493
1.9373154697	2.8274333882	-14.8269420582683	-29.5521049382126	-14.975771287952	-0.251345092334912	1.89910824618637
1.9373154697	2.8797932658	-14.1038171704222	-27.352354090881	-14.3143971479167	-0.839662148836516	1.84199354084998
1.9373154697	2.9321531434	-13.7151872391339	-25.7972066858738	-13.9927667602966	-1.07070290133173	1.81013945206441
1.9373154697	2.9845130209	-13.7621610567786	-25.6957258908257	-14.0497197023982	-1.15153525470795	1.79997916406239
1.9373154697	3.0368728985	-14.2188429573216	-26.8871175936259	-14.4603765596666	-1.12602556353262	1.81085315230196
1.9373154697	3.089232776	-14.9607504880327	-29.1618013553537	-15.1290437447473	-0.939297845014518	1.84415679323539
1.9373154697	3.1415926536	-15.8301395774859	-31.3165345675298	-15.9546935626795	-0.449988151122458	1.90314634669483
1.9896753473	-3.1415926536	-15.8289611767243	-29.4906954305076	-16.0200027786332	2.51437497283491	-1.2448660558014
1.9896753473	-3.089232776	-16.7704136541931	-29.5945167436588	-17.0032021078196	-3.12601287133082	-1.15727475517348
1.9896753473	-3.0368728985	-17.6265959493566	-27.0863540108873	-18.1485660768397	-2.61703373676781	-1.02691241632455
1.9896753473	-2.9845130209	-18.3439170253057	-24.4011252508696	-19.581169875466	-2.29418566883993	-0.825231433013856
1.9896753473	-2.9321531434	-18.6613797288316	-22.149850947852	-21.2409736208243	-2.04469731125403	-0.489909816902076
1.9896753473	-2.8797932658	-18.0708372666252	-20.2336951910899	-22.1350410350412	-1.8244704064695	0.0444989549762558
1.9896753473	-2.8274333882	-16.5361319763916	-18.5919382196901	-20.7715839105033	-1.62895893156508	0.62262525031823
1.9896753473	-2.7750735107	-14.7486689567532	-17.2893382305831	-18.2856110741403	-1.46078573259184	1.02150754323204
1.9896753473	-2.7227136331	-13.2823422214971	-16.4238649493325	-16.1652683128425	-1.31685146680721	1.27835401691771
1.9896753473	-2.6703537556	-12.3346545164282	-16.0607749447433	-14.7305923741765	-1.18981799199704	1.47563012354919
1.9896753473	-2.617993878	-11.895330781913	-16.2688168461021	-13.8696557061016	-1.06877994585957	1.66206412632048
1.9896753473	-2.5656340004	-11.8064737190712	-17.0615126251244	-13.3442910905629	-0.942838733336062	1.86220860603911
1.9896753473	-2.5132741229	-11.820170354011	-18.4693325427237	-12.8787471311912	-0.798322827165301	2.08016238200094
1.9896753473	-2.4609142453	-11.6530882623792	-20.5152938869314	-12.2576508592085	-0.617437034253023	2.29961831471341
1.9896753473	-2.4085543678	-11.168416422848	-23.2447590475775	-11.4463708858488	-0.370793512832039	2.49637333773251
1.9896753473	-2.3561944902	-10.4703130124248	-26.6581713149648	-10.576061749409	0.00750739265076901	2.65799603632134
1.9896753473	-2.3038346126	-9.72772068401554	-29.9276716432985	-9.76939526849262	0.661565761758685	2.78848058336721
1.9896753473	-2.2514747351	-9.05323021835751	-29.7613979514539	-9.09028283230393	1.51905573389957	2.89944586219052
1.9896753473	-2.1991148575	-8.46683402365581	-26.8164068568905	-8.53081073867986	2.08779465980094	3.00078313756961
1.9896753473	-2.14675498	-7.93912424182673	-24.0614757613862	-8.04650016079803	2.39909631187307	3.09768762177013
1.9896753473	-2.0943951024	-7.43153283662339	-21.9641735459135	-7.58723041642005	2.59115327783985	-3.09350026919988
1.9896753473	-2.0420352248	-6.92743173917459	-20.4029238541108	-7.12703942458992	2.72546353921293	-3.01013698389688
1.9896753473	-1.9896753473	-6.42956614085772	-19.2232731450045	-6.66403452328485	2.83033941806515	-2.93895941292321
1.9896753473	-1.9373154697	-5.95193299665065	-18.2969392274882	-6.2127025772732	2.92049872997843	-2.88059511210612
1.9896753473	-1.8849555922	-5.50526727164001	-17.4926708614602	-5.78916472810934	3.00381751751593	-2.83271321282452
1.9896753473	-1.8325957146	-5.08768214422424	-16.7272509054091	-5.39611292243246	3.08189049156865	-2.79105655634102
1.9896753473	-1.780235837	-4.68781503709976	-15.9659954113236	-5.02407148642068	-3.12982701112384	-2.75217865465305
1.9896753473	-1.7278759595	-4.2920232623042	-15.2048684672875	-4.65907133343861	-3.06701988041083	-2.71442742570659
1.9896753473	-1.6755160819	-3.89073096690174	-14.4782242206331	-4.28767667587118	-3.01388780982546	-2.67919054477463
1.9896753473	-1.6231562044	-3.47980505875923	-13.807664386772	-3.90243322318218	-2.97006118360929	-2.64892499697281
1.9896753473	-1.5707963268	-3.06420511105474	-13.2197027825704	-3.50484122291242	-2.93413417544654	-2.62710732917654
1.9896753473	-1.5184364492	-2.65036498119359	-12.7102366623386	-3.10133814295034	-2.90466134650342	-2.61546244486258
1.9896753473	-1.4660765717	-2.23442442056494	-12.2574757901355	-2.68944559914429	-2.88069968408384	-2.6141460738808
1.9896753473	-1.4137166941	-1.81526820736899	-11.8362511128358	-2.27051792468568	-2.86158652113788	-2.62186659024157
1.9896753473	-1.3613568166	-1.38911793947807	-11.424851493655	-1.84274053853298	-2.8467097381423	-2.63690784811432
1.9896753473	-1.308996939	-0.959350622344662	-11.0166393331457	-1.41060651473039	-2.83522136256985	-2.65795297711496
1.9896753473	-1.2566370614	-0.533135323947568	-10.6165577065899	-0.981539222936024	-2.8258755756696	-2.68410390452913
1.9896753473	-1.2042771839	-0.121826263989754	-10.2444967007884	-0.565982569356887	-2.81704442959847	-2.71590147142357
1.9896753473	-1.1519173063	0.263083908503208	-9.90860914653647	-0.175826328636316	-2.80747261332533	-2.75354441757604
1.9896753473	-1.0995574288	0.616425010689418	-9.61271716666349	0.183579797778218	-2.79602568703198	-2.79723832628158
1.9896753473	-1.0471975512	0.941211712074965	-9.33985956590051	0.513773007577703	-2.78220455028634	-2.84625373621569
1.9896753473	-0.9948376736	1.24637906507217	-9.05790979933336	0.821334633928927	-2.76688181322818	-2.89904117830272
1.9896753473	-0.9424777961	1.53604874006741	-8.73596690042713	1.10767235370933	-2.75088150674074	-2.95360586616296
1.9896753473	-0.8901179185	1.82048676665739	-8.3486628295966	1.38130595485206	-2.73656353064227	-3.00847745793247
1.9896753473	-0.837758041	2.09782941677571	-7.89448172129728	1.63939935228911	-2.72679503687775	-3.06297594768757
1.9896753473	-0.7853981634	2.36361244331523	-7.39115306482886	1.87791439414292	-2.72446211120728	-3.11770517594916
1.9896753473	-0.7330382858	2.59536659227152	-6.86747765529921	2.0737904403742	-2.73180816942437	3.10920052141928
1.9896753473	-0.6806784083	2.7921914963503	-6.35255786038328	2.22829531269838	-2.75151683201088	3.04969988730568
1.9896753473	-0.6283185307	2.93730300966308	-5.86942204593485	2.32439263452536	-2.78459332398435	2.98577844413504
1.9896753473	-0.5759586532	3.03338778568729	-5.42211469885285	2.36467311254401	-2.83200350518022	2.91723151615257
1.9896753473	-0.5235987756	3.08049512765164	-5.00779374238926	2.34752069959949	-2.8932468618554	2.84472651562678
1.9896753473	-0.47123889804	3.09184094300314	-4.61412511438768	2.28476020573184	-2.96651645229847	2.76979386758362
1.9896753473	-0.41887902048	3.08287856660397	-4.24321504565944	2.19395758718994	-3.04888162053982	2.69482897876042
1.9896753473	-0.36651914292	3.05175731087539	-3.9007972978898	2.07332096728324	-3.13766757183374	2.62035582022506
1.9896753473	-0.31415926536	3.01845113002178	-3.6075946286955	1.95347201430028	3.05253606715629	2.5480084632796
1.9896753473	-0.2617993878	2.98267629041818	-3.38212966106869	1.8422177361685	2.95647138337791	2.47746339439721
1.9896753473	-0.20943951024	2.94058792673314	-3.24222376207296	1.74395214765742	2.85760681245562	2.40747019451789
1.9896753473	-0.15707963268	2.88911350641182	-3.19110630010729	1.65941893456427	2.75642068130358	2.33656623762213
1.9896753473	-0.10471975512	2.82452411315135	-3.22505670608927	1.58475423168844	2.65447488085256	2.26356095322999
1.9896753473	-0.05235987756	2.74112373148708	-3.33627819217871	1.51050646617064	2.55444522214376	2.18770471704622
1.9896753473	-4.4408920985E-16	2.63532432139546	-3.51523965266318	1.42840817451168	2.46046119230663	2.10917893308673
1.9896753473	0.05235987756	2.51003906009063	-3.76290360686194	1.34160961592136	-0.764458818778755	-1.11328009593105
1.9896753473	0.10471975512	2.35890129522231	-4.08098936869289	1.24074005818846	-0.833605413079447	-1.19487779616883
1.9896753473	0.15707963268	2.19993416687954	-4.46277765495407	1.14508993466926	-0.886395866978419	-1.27690491146018
1.9896753473	0.20943951024	2.03491114828426	-4.89004166282781	1.04947225107673	-0.922905455730168	-1.35810613791059
1.9896753473	0.2617993878	1.88144987876415	-5.3330538914232	0.966778395710474	-0.945219711682839	-1.43871776606268
1.9896753473	0.31415926536	1.74501841049749	-5.75522673296977	0.894698565545334	-0.957289341984279	-1.518801677045
1.9896753473	0.36651914292	1.62203228097185	-6.12515190355178	0.823321474787391	-0.964265891156473	-1.59864172226767
1.9896753473	0.41887902048	1.51726963901022	-6.43537841444456	0.758889678515622	-0.971447737859411	-1.67830645059494
1.9896753473	0.47123889804	1.41260017233232	-6.69290902133212	0.682784319288302	-0.983033481451859	-1.75740492247377
1.9896753473	0.5235987756	1.29048861381154	-6.92667571845323	0.5807975784821	-1.0018197026368	-1.83519443500988
1.9896753473	0.5759586532	1.14409479055046	-7.16051325351856	0.449744595107044	-1.0298684130941	-1.9103839145122
1.9896753473	0.6283185307	0.951749353052027	-7.40942384401131	0.267131363590263	-1.06809705180069	-1.98337890655854
1.9896753473	0.6806784083	0.70845768171785	-7.67400473832525	0.0274642833707795	-1.11645379069169	-2.05446177196714
1.9896753473	0.7330382858	0.411104769197845	-7.93910730356584	-0.275387530450703	-1.17491153694414	-2.12555518354497
1.9896753473	0.7853981634	0.0648668668398852	-8.19244148013592	-0.637736337077805	-1.24100566021037	-2.19901503500267
1.9896753473	0.837758041	-0.321156430328288	-8.43409783471797	-1.04961362838107	-1.31108694247457	-2.27687671475237
1.9896753473	0.8901179185	-0.736495569783844	-8.68889586225869	-1.49492280411535	-1.3817467562671	-2.35989010140292
1.9896753473	0.9424777961	-1.17528661158853	-9.00347885563458	-1.95782303137579	-1.45030922678162	-2.44667792791021
1.9896753473	0.9948376736	-1.63874283697068	-9.42933687570951	-2.42874126709313	-1.51628336309607	-2.53341301417308
1.9896753473	1.0471975512	-2.13651126343283	-10.0058184374457	-2.91097577547146	-1.58085611352757	-2.61544042320899
1.9896753473	1.0995574288	-2.68238000657039	-10.7424718967945	-3.42055849034168	-1.64595672360324	-2.68908441981343
1.9896753473	1.1519173063	-3.28659023353411	-11.6289571259497	-3.97442743480004	-1.71314114410941	-2.75242963389741
1.9896753473	1.2042771839	-3.94785413678189	-12.6230749395024	-4.58104899587553	-1.78211670161176	-2.80698106168224
1.9896753473	1.2566370614	-4.65378341668463	-13.6704643171319	-5.23573797343596	-1.85028239958689	-2.85654143731427
1.9896753473	1.308996939	-5.38243281113226	-14.7386643302215	-5.91780369745879	-1.91354864585962	-2.90620142929491
1.9896753473	1.3613568166	-6.11446732377856	-15.8398052092128	-6.60366076104879	-1.96913247660763	-2.95940330622652
1.9896753473	1.4137166941	-6.83540741115022	-17.0322260661483	-7.2716541691245	-2.01785505798171	-3.01748978071314
1.9896753473	1.4660765717	-7.54402563041497	-18.4109283513822	-7.91514879570415	-2.06513816928185	-3.07789528992553
1.9896753473	1.5184364492	-8.24767266474627	-20.0773088801988	-8.54243743195611	-2.11919269516283	-3.13611677269583
1.9896753473	1.5707963268	-8.9609516082631	-22.1574777007655	-9.17413193224798	-2.19073284133739	3.09539641379213
1.9896753473	1.6231562044	-9.68536269547989	-24.7875254323856	-9.82162105086812	-2.29037725277696	3.05218931403563
1.9896753473	1.6755160819	-10.4094317268201	-28.2109494110769	-10.4820858362993	-2.43251973766015	3.01604355748679
1.9896753473	1.7278759595	-11.1079278299126	-33.1251173185	-11.135307842524	-2.66619042229584	2.98300855248534
1.9896753473	1.780235837	-11.7563504223091	-41.253651371162	-11.7612290550407	2.85872275696991	2.94867864318063
1.9896753473	1.8325957146	-12.3446512295099	-37.0606995740194	-12.3593375698039	1.26588708873144	2.91046158299863
1.9896753473	1.8849555922	-12.897459615118	-30.4394069499879	-12.9746285150885	0.951513570712263	2.86839523252158
1.9896753473	1.9373154697	-13.4484019616018	-26.3160401958949	-13.6788058217273	0.88005858339621	2.8241798000388
1.9896753473	1.9896753473	-14.0032304430622	-23.3225022495492	-14.543473644987	0.876433446444648	2.77842570659854
1.9896753473	2.0420352248	-14.5175792816869	-21.0005905723525	-15.6231591279036	0.896949130171523	2.72708577241268
1.9896753473	2.0943951024	-14.8614114654151	-19.1728391860734	-16.8718603722026	0.922567551802169	2.66078607783112
1.9896753473	2.14675498	-14.9136285892097	-17.7478900890194	-18.1074051702468	0.945783911724017	2.56585801304197
1.9896753473	2.1991148575	-14.6635618715828	-16.6673938011248	-18.9862525236252	0.96559642028368	2.43701047547083
1.9896753473	2.2514747351	-14.1984941964984	-15.8615414894095	-19.1723126414434	0.986272738601454	2.29721215475586
1.9896753473	2.3038346126	-13.6472999134393	-15.2773664410142	-18.6926601987769	1.01265242810408	2.18645562561729
1.9896753473	2.3561944902	-13.1261725986888	-14.8801717669257	-17.9112450942777	1.04783215717599	2.12422837494923
1.9896753473	2.4085543678	-12.7238176527421	-14.6474860505464	-17.1867477418798	1.09236933590285	2.10197392801484
1.9896753473	2.4609142453	-12.5240735054892	-14.6145198174671	-16.7029043359552	1.14112369440301	2.1023573362031
1.9896753473	2.5132741229	-12.5846319203708	-14.8566624964056	-16.4849351261855	1.18648948018885	2.1089273922169
1.9896753473	2.5656340004	-12.9419246456059	-15.5051298685107	-16.4506850764244	1.21890387231974	2.10773972714409
1.9896753473	2.617993878	-13.573475685466	-16.7373729795106	-16.4354255447642	1.22760604566659	2.08698022317472
1.9896753473	2.6703537556	-14.3352503446647	-18.8083319753614	-16.2532717661026	1.19498475180437	2.04141650139835
1.9896753473	2.7227136331	-14.8943541734633	-22.1002728685166	-15.8110407302684	1.07724310974069	1.97847676454486
1.9896753473	2.7750735107	-14.8966738777908	-27.0171724638879	-15.1717256587977	0.715073903585927	1.91364279974776
1.9896753473	2.8274333882	-14.396496240552	-30.0390936368556	-14.5165885931242	-0.235748834389257	1.85996052765638
1.9896753473	2.8797932658	-13.8132491339356	-26.9573617229201	-14.029083236026	-0.913660922514994	1.82236106628196
1.9896753473	2.9321531434	-13.507329399128	-24.8021554199112	-13.8422486083339	-1.13778154201506	1.80149809063467
1.9896753473	2.9845130209	-13.6054755995393	-24.3303168727929	-13.9895010212298	-1.20811409663203	1.79651833780979
1.9896753473	3.0368728985	-14.1042279242389	-25.1964941837856	-14.455802813338	-1.18377088461642	1.80854981159287
1.9896753473	3.089232776	-14.8935706419729	-27.1666136215645	-15.1588329995843	-1.02838083702212	1.84036361574698
1.9896753473	3.1415926536	-15.8289611767243	-29.4906954305076	-16.0200027786332	-0.627217680754879	1.8967265977884
2.0420352248	-3.1415926536	-15.8271757423926	-27.8465129905818	-16.1089244042181	2.39564309465576	-1.25142989651532
2.0420352248	-3.089232776	-16.8558816817498	-28.7945868618398	-17.1430886720732	2.99485313235418	-1.16569662863393
2.0420352248	-3.0368728985	-17.8146339089543	-27.0297109030148	-18.3688685625912	-2.72286651488696	-1.03257994651788
2.0420352248	-2.9845130209	-18.6214839183862	-24.6207735275787	-19.8779980198108	-2.34403666051623	-0.821174424573967
2.0420352248	-2.9321531434	-19.021027700025	-22.5580296958057	-21.5616493705086	-2.05491784504819	-0.466966477142175
2.0420352248	-2.8797932658	-18.5037888904564	-20.8269177736509	-22.3308076199434	-1.80150281867835	0.083193361449888
2.0420352248	-2.8274333882	-17.038923708072	-19.3636423853161	-20.8636957740757	-1.57587249145309	0.655695628750352
2.0420352248	-2.7750735107	-15.3269200891205	-18.251777292624	-18.4243775858724	-1.3810180458666	1.05176398926274
2.0420352248	-2.7227136331	-13.9355199408901	-17.601519114431	-16.3762556595719	-1.21396150702175	1.31677262389997
2.0420352248	-2.6703537556	-13.0611932566125	-17.5516776960004	-14.9695816741529	-1.06402020411397	1.52954660245568
2.0420352248	-2.617993878	-12.6652375554881	-18.1972849278444	-14.0905026424269	-0.91637397463803	1.73506247146561
2.0420352248	-2.5656340004	-12.5490914736577	-19.6504507640285	-13.4907196604335	-0.748780246626914	1.95437460703469
2.0420352248	-2.5132741229	-12.4077939815929	-22.0452074145642	-12.9075904224791	-0.52242669458532	2.18662746047256
2.0420352248	-2.4609142453	-11.9701602591336	-25.4420401309706	-12.1699379166529	-0.145392646484697	2.41248914200611
2.0420352248	-2.4085543678	-11.2203609927221	-28.556809895349	-11.3013041786956	0.572254708816711	2.60955195747255
2.0420352248	-2.3561944902	-10.3429531119262	-27.4952543991975	-10.4274365357556	1.42580891024798	2.7700305678548
2.0420352248	-2.3038346126	-9.52121493878873	-24.4930126578362	-9.66169333032467	1.93329730213542	2.89950566191099
2.0420352248	-2.2514747351	-8.82671012815936	-22.0194257167395	-9.04008225186264	2.23266948100488	3.0094340479454
2.0420352248	-2.1991148575	-8.25258454820246	-20.1494681594123	-8.54266553976087	2.44176124215165	3.10923370221946
2.0420352248	-2.14675498	-7.75882164343669	-18.7159832345582	-8.12198305643992	2.60083291246649	-3.0795488529336
2.0420352248	-2.0943951024	-7.30604697895682	-17.6187760306913	-7.73022452336714	2.72705794700722	-2.99070395148616
2.0420352248	-2.0420352248	-6.86972878206354	-16.7897193080233	-7.33628530452992	2.8312052358201	-2.91053262865042
2.0420352248	-1.9896753473	-6.4476038337385	-16.1572668579681	-6.93866996522553	2.92176689726264	-2.84191698964724
2.0420352248	-1.9373154697	-6.04389013172952	-15.6370295161086	-6.54911750804991	3.00440244860518	-2.78508578606398
2.0420352248	-1.8849555922	-5.66032865573414	-15.1483654157037	-6.17870056471656	3.0814360963999	-2.73782409685318
2.0420352248	-1.8325957146	-5.28827120245772	-14.6232637547721	-5.8264362367666	-3.13088223914122	-2.6970136903025
2.0420352248	-1.780235837	-4.9157179664811	-14.0302591148784	-5.48381910333823	-3.06840038832747	-2.65927761566383
2.0420352248	-1.7278759595	-4.53069167402192	-13.3800623069663	-5.13717457139719	-3.01601055032137	-2.62354451077743
2.0420352248	-1.6755160819	-4.13011189358069	-12.7178859007139	-4.77719396761622	-2.97341563487747	-2.59070982814251
2.0420352248	-1.6231562044	-3.71202855104579	-12.0802571202827	-4.39544302550292	-2.93923266604123	-2.56315914677335
2.0420352248	-1.5707963268	-3.28714237126826	-11.4986066715872	-3.99784607118957	-2.9114702425801	-2.54361410811103
2.0420352248	-1.5184364492	-2.85789360766607	-10.9805462668953	-3.58457966569208	-2.88890346844242	-2.53318128499135
2.0420352248	-1.4660765717	-2.42571990956842	-10.5094320642691	-3.15953630140297	-2.87146431440961	-2.53208069341937
2.0420352248	-1.4137166941	-1.98634915129573	-10.0694552789252	-2.72027711079129	-2.85938726156857	-2.5391362519108
2.0420352248	-1.3613568166	-1.53877775599074	-9.64457851307889	-2.26854025755598	-2.85286889431974	-2.55312189347257
2.0420352248	-1.308996939	-1.0856084147085	-9.22767355247207	-1.80876802272617	-2.85157689997505	-2.57288937147897
2.0420352248	-1.2566370614	-0.635290351267522	-8.8294171950762	-1.34908385544384	-2.85410640325051	-2.59814838892261
2.0420352248	-1.2042771839	-0.20046146727893	-8.46073884681411	-0.902543512553645	-2.85838127861104	-2.62929989979523
2.0420352248	-1.1519173063	0.207935380863257	-8.13824457344269	-0.479247790591473	-2.8628723221752	-2.66669734305436
2.0420352248	-1.0995574288	0.586947770923281	-7.8672320779347	-0.0819871130114358	-2.86522987217408	-2.71032003138227
2.0420352248	-1.0471975512	0.9380918291048	-7.64060016077812	0.289548788240345	-2.86451788154225	-2.75939796152992
2.0420352248	-0.9948376736	1.271063640644	-7.43259866900356	0.642316182867856	-2.86048102739475	-2.81258798843013
2.0420352248	-0.9424777961	1.59329577196991	-7.21838874432587	0.98113661740668	-2.85317036277015	-2.86818828312851
2.0420352248	-0.8901179185	1.91381329094769	-6.97010338440681	1.31248417097317	-2.84383183591486	-2.92522708870146
2.0420352248	-0.837758041	2.22721268964036	-6.66985575215892	1.62783328146848	-2.83463209165122	-2.9830683761665
2.0420352248	-0.7853981634	2.51927278609034	-6.32063902090092	1.9113705290679	-2.8282221620699	-3.042243399901
2.0420352248	-0.7330382858	2.783761071629	-5.93308325461507	2.15706349620552	-2.82779383914154	-3.10417842802627
2.0420352248	-0.6806784083	3.01061549537919	-5.52779149814704	2.35554910922315	-2.83681393510377	3.11322497905906
2.0420352248	-0.6283185307	3.17632842069433	-5.1180224027692	2.48019746313322	-2.85804368378373	3.04282145168538
2.0420352248	-0.5759586532	3.28632259548953	-4.71289011002869	2.5367706268987	-2.89319232645913	2.96777693692475
2.0420352248	-0.5235987756	3.34253299970834	-4.31381125097188	2.5252480943957	-2.94294028701913	2.8891060928373
2.0420352248	-0.47123889804	3.35238500643587	-3.91964690588432	2.4510904046504	-3.00627568967904	2.80815650309551
2.0420352248	-0.41887902048	3.3255784191771	-3.5393274106197	2.32471126795072	-3.08090833064118	2.72669357508398
2.0420352248	-0.36651914292	3.27758841387069	-3.18562702754905	2.16625272488176	3.11900700177161	2.64622622904192
2.0420352248	-0.31415926536	3.21485454046102	-2.88221318734551	1.99066014528586	3.02940271618417	2.567550930823
2.0420352248	-0.2617993878	3.14264507083345	-2.65207477876025	1.81527597723679	2.93493514375884	2.49062658393078
2.0420352248	-0.20943951024	3.0614776136231	-2.51083980252156	1.65175480141634	2.83618285385185	2.41463446399927
2.0420352248	-0.15707963268	2.97078315446671	-2.46252422958746	1.50655006548307	2.73420770199385	2.33847723452921
2.0420352248	-0.10471975512	2.86998349729892	-2.50221855862166	1.38100656799323	2.63050383465924	2.26087106691137
2.0420352248	-0.05235987756	2.75839422162769	-2.6177865165617	1.27104335215264	2.52813144858959	2.18096318000688
2.0420352248	-4.4408920985E-16	2.6367212529496	-2.79942552794137	1.17362610512037	2.43112490305827	2.09860037045169
2.0420352248	0.05235987756	2.50654223773603	-3.04183536550185	1.08760391231299	-0.797743199733592	-1.12782619129027
2.0420352248	0.10471975512	2.36933508026006	-3.34398071632155	1.01249053612434	-0.87206900763019	-1.21433806655698
2.0420352248	0.15707963268	2.23336385044782	-3.6981979967827	0.953886803033407	-0.931611988780101	-1.30199813916057
2.0420352248	0.20943951024	2.11381383650636	-4.08600592715544	0.922559743115033	-0.977288757367132	-1.39033156089875
2.0420352248	0.2617993878	2.01468404624588	-4.47817815164117	0.911955861981435	-1.01159350604449	-1.47874257739949
2.0420352248	0.31415926536	1.93767313386664	-4.84161735707349	0.914338293231335	-1.03900144498502	-1.56715547875463
2.0420352248	0.36651914292	1.89353170411608	-5.14942964736176	0.937645462345332	-1.06522659047414	-1.6554851698924
2.0420352248	0.41887902048	1.85591900539544	-5.39607227582368	0.949989167930727	-1.09541195946455	-1.74340183271031
2.0420352248	0.47123889804	1.81145799599523	-5.59261056816103	0.940054381420877	-1.13337557427735	-1.83027145230339
2.0420352248	0.5235987756	1.75363401235163	-5.76527846542878	0.907340924096919	-1.18156252313595	-1.91499581781798
2.0420352248	0.5759586532	1.64881178837201	-5.9341707375419	0.816180574081087	-1.24109304613128	-1.99755188896642
2.0420352248	0.6283185307	1.50159127336217	-6.11406004645687	0.675832671896404	-1.31218638207256	-2.07711309447065
2.0420352248	0.6806784083	1.2949528906085	-6.30168850629669	0.465202739922454	-1.39361828213134	-2.15524994678847
2.0420352248	0.7330382858	1.03431763315069	-6.48547134129033	0.188213098602935	-1.48257011501759	-2.23334144561615
2.0420352248	0.7853981634	0.727508862546535	-6.65646120512052	-0.148373187182508	-1.57522280962091	-2.31359968670011
2.0420352248	0.837758041	0.385052292262874	-6.82595804296254	-0.530438570274221	-1.66738635265364	-2.39747095827194
2.0420352248	0.8901179185	0.0167685890912218	-7.01657428511259	-0.941489017581594	-1.75609467209142	-2.48516317230696
2.0420352248	0.9424777961	-0.373612447954644	-7.27046146365318	-1.36623886171176	-1.84081599646472	-2.5744954406611
2.0420352248	0.9948376736	-0.792240350986653	-7.61942840863869	-1.80293676143154	-1.92303868958498	-2.66203840639231
2.0420352248	1.0471975512	-1.24940666478976	-8.07869614533174	-2.25955260770899	-2.00564716667302	-2.74330931616908
2.0420352248	1.0995574288	-1.75890146562007	-8.64160028458054	-2.75516895719665	-2.09071396625872	-2.81545598195304
2.0420352248	1.1519173063	-2.32670529682181	-9.27986935915639	-3.30498765108494	-2.17825550286027	-2.87738081769212
2.0420352248	1.2042771839	-2.9489860892592	-9.9530639009311	-3.91449920232808	-2.26577622478191	-2.93083909421172
2.0420352248	1.2566370614	-3.61122302430355	-10.6406792118184	-4.57044072409917	-2.3480097958229	-2.97943786087373
2.0420352248	1.308996939	-4.29624584749831	-11.3323774353325	-5.25381524326061	-2.42141010891287	-3.02756674997893
2.0420352248	1.3613568166	-4.98489672976899	-12.0543494336218	-5.93428544880851	-2.48487114019678	-3.07885762238813
2.0420352248	1.4137166941	-5.66881127835599	-12.8351042775579	-6.59486276745036	-2.54228490521712	-3.13447097903903
2.0420352248	1.4660765717	-6.34358634903068	-13.6856787499114	-7.22888165365461	-2.60026128356769	3.09054383546682
2.0420352248	1.5184364492	-7.01995081363963	-14.6075385027544	-7.85160943518453	-2.66717596096656	3.03342239121543
2.0420352248	1.5707963268	-7.70986147376515	-15.5827573696778	-8.48362575517551	-2.74684779348947	2.98097586188611
2.0420352248	1.6231562044	-8.41114304240886	-16.5723235511197	-9.13084831878097	-2.83806453750633	2.93533127797604
2.0420352248	1.6755160819	-9.12425126874888	-17.5711027113857	-9.79440770644781	-2.93307622000634	2.89617954675178
2.0420352248	1.7278759595	-9.83179870901261	-18.6273338914202	-10.4464076728767	-3.02314710530878	2.86174282445561
2.0420352248	1.780235837	-10.5244897771796	-19.8311624631366	-11.0664046510706	-3.10648441474165	2.82972397735822
2.0420352248	1.8325957146	-11.2104051200227	-21.280701008691	-11.6602391469451	3.08865388751941	2.7986665819624
2.0420352248	1.8849555922	-11.9195985495612	-23.0452592197105	-12.2683693239105	2.96488878530327	2.76859662178143
2.0420352248	1.9373154697	-12.7084708202706	-25.0158584700166	-12.971579119458	2.7475552705752	2.73958882933692
2.0420352248	1.9896753473	-13.6279971201602	-26.4773947931679	-13.8593970205822	2.37169713057337	2.71014928318134
2.0420352248	2.0420352248	-14.667768075773	-26.1178727249362	-14.9904757716629	1.90546672881029	2.67508123831923
2.0420352248	2.0943951024	-15.690523077047	-24.1900249641018	-16.3519565030532	1.54511731923611	2.62320446380102
2.0420352248	2.14675498	-16.4033156589498	-22.0127365480305	-17.7988937685198	1.32538957939092	2.53697085655383
2.0420352248	2.1991148575	-16.5091498668457	-20.1209081796738	-18.9912456736914	1.19318975042952	2.40210660483199
2.0420352248	2.2514747351	-15.9864972751108	-18.5685183640181	-19.4719781452237	1.11541673548724	2.2353966758093
2.0420352248	2.3038346126	-15.1139209062338	-17.3162742941598	-19.1176350996696	1.07805336114247	2.08808234442058
2.0420352248	2.3561944902	-14.1903509299135	-16.3287406672166	-18.2927375275205	1.07461367337753	1.99563562422778
2.0420352248	2.4085543678	-13.4048494052112	-15.5964615119685	-17.4248770088045	1.0978286069388	1.95309739441566
2.0420352248	2.4609142453	-12.873215070016	-15.1556049681673	-16.7584906926207	1.13710902366805	1.94094608775795
2.0420352248	2.5132741229	-12.6427823044706	-15.0689647142817	-16.3281539134625	1.18118514066183	1.94053407980191
2.0420352248	2.5656340004	-12.746759178647	-15.4626447027107	-16.0728932085994	1.21766241145641	1.93954621047387
2.0420352248	2.617993878	-13.1594640411735	-16.5033587557605	-15.8599758720627	1.23475257940267	1.92974138571224
2.0420352248	2.6703537556	-13.7556903411607	-18.439994614332	-15.5607180735114	1.21550733830237	1.90840532954061
2.0420352248	2.7227136331	-14.2641294536435	-21.7084151210623	-15.1266473890519	1.11809183547563	1.87892325178243
2.0420352248	2.7750735107	-14.3544237176135	-26.9505236517475	-14.6001215318868	0.778629825525471	1.84795256184604
2.0420352248	2.8274333882	-14.0070026162359	-30.3927416886334	-14.1079859695517	-0.282108075063792	1.82151037669176
2.0420352248	2.8797932658	-13.5534763075477	-26.3677334704195	-13.7868075671988	-0.990241165928239	1.80291747270023
2.0420352248	2.9321531434	-13.3223285917245	-23.8213841488393	-13.7278336342918	-1.19196219894866	1.79334285199756
2.0420352248	2.9845130209	-13.4689240188221	-23.1141181739207	-13.9677724302639	-1.24972463671417	1.79399849196881
2.0420352248	3.0368728985	-13.9978371610169	-23.7608700866467	-14.4825579708194	-1.22373780779195	1.80706255620486
2.0420352248	3.089232776	-14.8303586871233	-25.5098895298174	-15.2185971405409	-1.08690686276027	1.83700792298193
2.0420352248	3.1415926536	-15.8271757423926	-27.8465129905818	-16.1089244042181	-0.745949558934031	1.89016275707448
2.0943951024	-3.1415926536	-15.8300600180889	-26.4121970893	-16.2275186995759	2.31283355506164	-1.2579965847352
2.0943951024	-3.089232776	-16.9444564083347	-27.9241016571725	-17.3056623769309	2.86284835712998	-1.1744934817249
2.0943951024	-3.0368728985	-17.9982237486518	-26.9029045842668	-18.5964777345454	-2.82460263805948	-1.03891264510457
2.0943951024	-2.9845130209	-18.9054146509134	-24.8405853382689	-20.1836559872321	-2.39781134996994	-0.815446932455003
2.0943951024	-2.9321531434	-19.3955167001041	-23.0253878290851	-21.8636995779072	-2.07335406701426	-0.438648657828871
2.0943951024	-2.8797932658	-18.9644823859443	-21.5485902633583	-22.4473952758406	-1.78823375428625	0.126722411733222
2.0943951024	-2.8274333882	-17.5833465629658	-20.3393722042723	-20.8637392456173	-1.53047060794895	0.688162023074106
2.0943951024	-2.7750735107	-15.9463357450482	-19.4736104369347	-18.4947061054934	-1.30440395000087	1.07848947640502
2.0943951024	-2.7227136331	-14.6299604130674	-19.1311905664455	-16.5324305908601	-1.10690593251715	1.35162532389179
2.0943951024	-2.6703537556	-13.8124375998982	-19.5002298347839	-15.17868025951	-0.924028670476427	1.57986037274802
2.0943951024	-2.617993878	-13.410250730221	-20.7867478676416	-14.2878044070588	-0.72908802198933	1.8039635137406
2.0943951024	-2.5656340004	-13.1782299451455	-23.251086688736	-13.6277845911219	-0.467093858352738	2.04058540383794
2.0943951024	-2.5132741229	-12.7870851762714	-26.9772532649853	-12.9558089891522	0.0156574958795839	2.28448402282762
2.0943951024	-2.4609142453	-12.0632834881875	-28.8375772357054	-12.1555319633117	0.959775761587462	2.51389891680614
2.0943951024	-2.4085543678	-11.1207839837435	-25.5643916462335	-11.2797661477367	1.71753749320935	2.71105312507255
2.0943951024	-2.3561944902	-10.1841984938316	-22.3564211300275	-10.4558898346138	2.08820162449839	2.87050309044726
2.0943951024	-2.3038346126	-9.38815245098696	-20.1543876346552	-9.76837075370434	2.32228596798265	2.99947787755084
2.0943951024	-2.2514747351	-8.76668023934286	-18.6156911279812	-9.24136039507637	2.50348051476907	3.10843577749961
2.0943951024	-2.1991148575	-8.28296832317531	-17.4848063209381	-8.83900816798452	2.65531219881672	-3.07711326791424
2.0943951024	-2.14675498	-7.89089354233759	-16.642917804424	-8.51215547698072	2.78455553679184	-2.98637872641385
2.0943951024	-2.0943951024	-7.54307057638144	-16.0187358171044	-8.20843793907522	2.89593920377231	-2.90237995386673
2.0943951024	-2.0420352248	-7.21016070617909	-15.5660695570338	-7.89567818729839	2.99412727605997	-2.82745516384721
2.0943951024	-1.9896753473	-6.88621096464844	-15.2393830569183	-7.57219656620609	3.08329168668417	-2.76370604555324
2.0943951024	-1.9373154697	-6.5659913567363	-14.9597490565363	-7.24507010369068	-3.11702312966316	-2.71090580272816
2.0943951024	-1.8849555922	-6.24397764523466	-14.6406298936211	-6.92256667680966	-3.04085025858426	-2.66712876434385
2.0943951024	-1.8325957146	-5.9132685869895	-14.2164311537807	-6.60786943392412	-2.97433213181941	-2.6292148380953
2.0943951024	-1.780235837	-5.5600998455579	-13.6656740947367	-6.28990379410812	-2.92031348884004	-2.59416788725667
2.0943951024	-1.7278759595	-5.1798433457994	-13.0165719088565	-5.96069633918427	-2.87924614195103	-2.56113727251745
2.0943951024	-1.6755160819	-4.76744889077823	-12.3131888455955	-5.60799169014982	-2.84906848321505	-2.53105419582745
2.0943951024	-1.6231562044	-4.3298244270674	-11.6183830712829	-5.22731628541858	-2.82590233727898	-2.50557589010367
2.0943951024	-1.5707963268	-3.87498523919925	-10.9585757620506	-4.82092651649454	-2.80720094912674	-2.48701223365345
2.0943951024	-1.5184364492	-3.40773124459678	-10.3511417553988	-4.38848126134208	-2.79172450749688	-2.4766101425698
2.0943951024	-1.4660765717	-2.93153913371567	-9.78453761438423	-3.93549772824626	-2.77993360759739	-2.47427152666631
2.0943951024	-1.4137166941	-2.44367505211791	-9.24704070131496	-3.46063531216716	-2.77379426096977	-2.47920393300986
2.0943951024	-1.3613568166	-1.9459693228174	-8.72286788059087	-2.96993994053125	-2.77441879640728	-2.49057459417943
2.0943951024	-1.308996939	-1.44163994484762	-8.20837082738199	-2.46831808911396	-2.78191856250772	-2.50765809128572
2.0943951024	-1.2566370614	-0.941354726861889	-7.71055839017535	-1.96737366118661	-2.79556160903765	-2.53045568205225
2.0943951024	-1.2042771839	-0.457650819191843	-7.24889851493731	-1.47781406434555	-2.81270248443211	-2.55944252288943
2.0943951024	-1.1519173063	-0.00219100739514283	-6.84006468535803	-1.01009180765355	-2.83089329373096	-2.59475790778941
2.0943951024	-1.0995574288	0.421577264677034	-6.49672082174395	-0.56555829835124	-2.84817298634595	-2.63636007472028
2.0943951024	-1.0471975512	0.817479302259494	-6.21449040624993	-0.141117382740647	-2.86292779327947	-2.68339952001468
2.0943951024	-0.9948376736	1.1939078247836	-5.98088792594437	0.269874745480892	-2.87464216757214	-2.73485515187771
2.0943951024	-0.9424777961	1.55822575543418	-5.77694255395391	0.671363311179535	-2.88279409950509	-2.78927884357481
2.0943951024	-0.8901179185	1.92015877321681	-5.57533304723483	1.06881021599288	-2.88748939604522	-2.84632466962614
2.0943951024	-0.837758041	2.27292304966593	-5.35807131876819	1.45037068165359	-2.88969244491268	-2.90568563131013
2.0943951024	-0.7853981634	2.60540709242656	-5.1163605987377	1.80154640508273	-2.89080035616205	-2.96802677598187
2.0943951024	-0.7330382858	2.90955369093057	-4.84546939377885	2.11242390290229	-2.89343630732741	-3.03435577651688
2.0943951024	-0.6806784083	3.1685664324842	-4.55127114663097	2.36431318341059	-2.90099650891781	-3.10557165755728
2.0943951024	-0.6283185307	3.36490528366429	-4.23648494474151	2.53615423596997	-2.9170765266363	3.10136026519254
2.0943951024	-0.5759586532	3.49780483898196	-3.90218097623103	2.62549353824028	-2.94490398166695	3.02037308377987
2.0943951024	-0.5235987756	3.57269487230503	-3.55010210870115	2.63624126058879	-2.98626601732446	2.93572750619966
2.0943951024	-0.47123889804	3.58743381221225	-3.18701048665013	2.56281039029668	-3.04152189220765	2.8487096695469
2.0943951024	-0.41887902048	3.5573528893821	-2.82354514589458	2.42171527950419	-3.10937834944977	2.761016012712
2.0943951024	-0.36651914292	3.49052984180316	-2.48031164720037	2.22442883451549	3.09556764198163	2.67365247184279
2.0943951024	-0.31415926536	3.40384649049197	-2.1847445162893	2.00034810334909	3.00913459577086	2.58809556599628
2.0943951024	-0.2617993878	3.29965747081286	-1.96152097446231	1.76444611111484	2.9163438654902	2.5042454829187
2.0943951024	-0.20943951024	3.18143370636494	-1.82975835936493	1.53571463609375	2.81796826409979	2.42171424033715
2.0943951024	-0.15707963268	3.05220535128489	-1.7931643255955	1.327901822325	2.71539247805237	2.33980847809196
2.0943951024	-0.10471975512	2.91522694432082	-1.84368194900153	1.1481494309002	2.61037639217103	2.25740122969222
2.0943951024	-0.05235987756	2.77534416464041	-1.96860428339663	1.00073507034821	2.50594405119082	2.17350594326878
2.0943951024	-4.4408920985E-16	2.6364041412981	-2.15429142151921	0.885200380022168	2.40605334165106	2.08737722093843
2.0943951024	0.05235987756	2.50358886234186	-2.39171725390642	0.803418222914593	-0.826664703083257	-1.14287113373015
2.0943951024	0.10471975512	2.38239854442539	-2.67677198089827	0.758607796607338	-0.905981302724052	-1.23412149194218
2.0943951024	0.15707963268	2.27817692831205	-2.99899095675096	0.749727942051962	-0.972647949058407	-1.32733050768448
2.0943951024	0.20943951024	2.20222901406402	-3.33916876066548	0.780590557471332	-1.02778230587344	-1.42235835333458
2.0943951024	0.2617993878	2.15548881026808	-3.67197676257654	0.839766360431302	-1.07486003943242	-1.51843514246423
2.0943951024	0.31415926536	2.14899645583832	-3.96597698894899	0.930616644578374	-1.11908065428404	-1.61508389532266
2.0943951024	0.36651914292	2.16420418354412	-4.20175264483607	1.02409118598844	-1.16579805921375	-1.71159986331002
2.0943951024	0.41887902048	2.18794586821236	-4.37276793942866	1.10463491807671	-1.21932563295738	-1.80731744490777
2.0943951024	0.47123889804	2.19950059669977	-4.49156296031717	1.15241861936249	-1.28288975646237	-1.9015196994121
2.0943951024	0.5235987756	2.18932959520122	-4.57854314554292	1.16295591398232	-1.35811754053355	-1.99273296569664
2.0943951024	0.5759586532	2.12478488176949	-4.65641330317416	1.10195678958616	-1.44488091447615	-2.08169353425018
2.0943951024	0.6283185307	2.00506564854638	-4.7353343214237	0.971338459776313	-1.54202083810947	-2.16792565319637
2.0943951024	0.6806784083	1.82655563415171	-4.81465489854624	0.765781469968598	-1.64706222473703	-2.25274424279166
2.0943951024	0.7330382858	1.59380304426263	-4.89067644595154	0.488648744774613	-1.75624135246382	-2.33774492507374
2.0943951024	0.7853981634	1.31691929617049	-4.96927454720839	0.152572449618006	-1.86491784269565	-2.42468529466939
2.0943951024	0.837758041	1.00769199958037	-5.06570370593621	-0.224238439240757	-1.96917101323511	-2.514674953655
2.0943951024	0.8901179185	0.673670148076084	-5.20454493862243	-0.624235431347972	-2.06742587372966	-2.60719904798353
2.0943951024	0.9424777961	0.314859434450265	-5.41523986853733	-1.03584622199953	-2.15998884870448	-2.70016696101764
2.0943951024	0.9948376736	-0.0748085079630184	-5.70921513603767	-1.46095496994043	-2.24888224026946	-2.78971832734455
2.0943951024	1.0471975512	-0.505492826337505	-6.08566320582715	-1.91220796200357	-2.33695786526337	-2.87240030526777
2.0943951024	1.0995574288	-0.986317027106329	-6.52274315231679	-2.40988242960517	-2.42517469780098	-2.94554299529768
2.0943951024	1.1519173063	-1.5228199848482	-6.99721785998058	-2.97068632555198	-2.51254955343632	-3.0089574017427
2.0943951024	1.2042771839	-2.10574560222748	-7.48358730169322	-3.59241826892423	-2.59528727779438	-3.06437654646058
2.0943951024	1.2566370614	-2.72402336043064	-7.98209574952078	-4.26055247247087	-2.66953717917206	-3.11531215125881
2.0943951024	1.308996939	-3.36125003842708	-8.50142556969932	-4.94880672924519	-2.73271738689423	3.11740639053192
2.0943951024	1.3613568166	-4.00458187431493	-9.06272592289872	-5.62883808574218	-2.78581229698604	3.06414480442141
2.0943951024	1.4137166941	-4.64156143352876	-9.66861703593298	-6.27999104546233	-2.83293338008235	3.0069985720926
2.0943951024	1.4660765717	-5.27132279456182	-10.3173248372454	-6.90109704504893	-2.87985989935351	2.94732247095442
2.0943951024	1.5184364492	-5.89701980646822	-10.9830905307126	-7.50866923191337	-2.93186953480792	2.88797812024903
2.0943951024	1.5707963268	-6.52299008471097	-11.6346971335982	-8.12316963140772	-2.99066426557488	2.83249148508517
2.0943951024	1.6231562044	-7.1516200889929	-12.2539464612453	-8.75598525569178	-3.05326341892226	2.7829182083393
2.0943951024	1.6755160819	-7.77715172340402	-12.8454948304972	-9.39679018354067	-3.11348767676558	2.73999354155753
2.0943951024	1.7278759595	-8.39239251568791	-13.4422030020644	-10.020433570132	3.11785475344121	2.70431445050363
2.0943951024	1.780235837	-8.99847881732989	-14.1010507357216	-10.6027342555834	3.07644108940282	2.67506497457557
2.0943951024	1.8325957146	-9.60815577975715	-14.8562582921891	-11.1489237215228	3.04203408042265	2.65276064644442
2.0943951024	1.8849555922	-10.2566726624529	-15.7349560819442	-11.7030025206189	3.00598776761755	2.6359515007491
2.0943951024	1.9373154697	-10.9999134361395	-16.7493373237188	-12.3435907411995	2.95627005754655	2.62383359572138
2.0943951024	1.9896753473	-11.9084610819027	-17.8991425321007	-13.1678672466871	2.87909364449188	2.61374767697698
2.0943951024	2.0420352248	-13.0342529304865	-19.1784173602986	-14.2432212168845	2.75965030308691	2.59949364926707
2.0943951024	2.0943951024	-14.3835673837518	-20.5394209133807	-15.588790342221	2.58071497332507	2.57046486015552
2.0943951024	2.14675498	-15.8402102283052	-21.7843835065086	-17.1153749670955	2.32171341147018	2.51000085636188
2.0943951024	2.1991148575	-17.057048165796	-22.4042513364961	-18.5562901629919	1.9823382891302	2.39770490526834
2.0943951024	2.2514747351	-17.4834226782002	-21.8750614267621	-19.4473341042088	1.6345372685298	2.23246495973068
2.0943951024	2.3038346126	-16.9062951001806	-20.4481752939781	-19.4430425551089	1.37957518500085	2.05772480082263
2.0943951024	2.3561944902	-15.7677847223394	-18.8217866130084	-18.7348181287276	1.24219809730452	1.92746251667577
2.0943951024	2.4085543678	-14.5997203364329	-17.4289605593199	-17.7989581391036	1.19167112893911	1.85422407723519
2.0943951024	2.4609142453	-13.6724789172979	-16.4336971506256	-16.9470200799565	1.1923221782437	1.820792353391
2.0943951024	2.5132741229	-13.0912420188743	-15.9218937943741	-16.2889432619027	1.21670964811057	1.8083075977659
2.0943951024	2.5656340004	-12.8861629125265	-15.9958790036199	-15.7992716732969	1.24453858933137	1.80411109878459
2.0943951024	2.617993878	-13.0338910708109	-16.8061432091396	-15.3961783035566	1.25951085888709	1.80144212392532
2.0943951024	2.6703537556	-13.4218172398341	-18.6092984733318	-14.9886604831698	1.24260608703719	1.79760359886411
2.0943951024	2.7227136331	-13.8150894241667	-21.8705329595523	-14.5541296622356	1.1511489266494	1.79281433668699
2.0943951024	2.7750735107	-13.9210654977427	-27.4519543069361	-14.1180849756115	0.801407466919371	1.78817028598697
2.0943951024	2.8274333882	-13.6805265377904	-30.589799721261	-13.7699227538502	-0.401247687312481	1.78499179087559
2.0943951024	2.8797932658	-13.3314795046455	-25.6196316939606	-13.5957919992987	-1.0667399433523	1.7839545726638
2.0943951024	2.9321531434	-13.1649021155107	-22.8711261120928	-13.6563801249401	-1.2362823696669	1.78576576040991
2.0943951024	2.9845130209	-13.347247218005	-22.0242466077815	-13.9801629707911	-1.28106869427499	1.79222053673888
2.0943951024	3.0368728985	-13.8994183712118	-22.5211212405996	-14.5410737753692	-1.25251212399187	1.80633092848607
2.0943951024	3.089232776	-14.7670393949624	-24.1113154329629	-15.3039812135152	-1.12782650885461	1.83396840958175
2.0943951024	3.1415926536	-15.8300600180889	-26.4121970893	-16.2275186995759	-0.828759098528158	1.88359606885459
2.14675498	-3.1415926536	-15.8276839441653	-25.1633256147804	-16.3657633527288	2.2517065650335	-1.26490424315061
2.14675498	-3.089232776	-17.0252844480406	-27.0504629707036	-17.4800707295334	2.75606855581606	-1.18431581993362
2.14675498	-3.0368728985	-18.1843093710549	-26.7131213778453	-18.8409398710513	-2.92104423463006	-1.04535486657204
2.14675498	-2.9845130209	-19.1924096564926	-25.0472632979963	-20.4984819174641	-2.45624054565128	-0.807866281328395
2.14675498	-2.9321531434	-19.7749094500171	-23.5320186362605	-22.1481746064075	-2.10266504252566	-0.40474044383017
2.14675498	-2.8797932658	-19.4288349107812	-22.3891259407667	-22.489726360666	-1.78910825928578	0.175111989740738
2.14675498	-2.8274333882	-18.1291298950563	-21.5324425378368	-20.7790499803839	-1.49737590531801	0.720846794855769
2.14675498	-2.7750735107	-16.5706439518657	-21.0272026099646	-18.4978670840361	-1.23281482095947	1.10286013361812
2.14675498	-2.7227136331	-15.3128280558697	-21.1018933861497	-16.6422203760852	-0.993278873665877	1.3827941054097
2.14675498	-2.6703537556	-14.5130117948788	-22.0641141951674	-15.3524103523012	-0.755799775124829	1.62570880752113
2.14675498	-2.617993878	-14.0430211555493	-24.2882844314062	-14.4741803014794	-0.460790077785651	1.86696809929836
2.14675498	-2.5656340004	-13.6184636236663	-27.9478096345788	-13.7817647506834	0.0743494317903244	2.11825676523366
2.14675498	-2.5132741229	-12.9580802427271	-29.0888515973771	-13.0652456023277	1.11275160857109	2.37083381152756
2.14675498	-2.4609142453	-12.0360067408906	-25.0261545555364	-12.2598339217939	1.83701708709756	2.60321324160502
2.14675498	-2.4085543678	-11.0445398727458	-21.6840990377457	-11.4365350656367	2.17459045523344	2.8006919715342
2.14675498	-2.3561944902	-10.1780221216976	-19.5531294954566	-10.7109226858949	2.39240423115178	2.96028412593953
2.14675498	-2.3038346126	-9.51517792666515	-18.2001425376702	-10.1468453510233	2.56896580709983	3.08920906048156
2.14675498	-2.2514747351	-9.05193257923023	-17.3251940384019	-9.75174042332858	2.72634579533328	-3.08633962553454
2.14675498	-2.1991148575	-8.73472146228297	-16.7416670576184	-9.48281825193531	2.87041038848493	-2.99239332062789
2.14675498	-2.14675498	-8.50013227681938	-16.3633796194617	-9.27578075285585	3.00119359596482	-2.90812978926217
2.14675498	-2.0943951024	-8.30181472995782	-16.1466542898431	-9.08107183908319	3.12015178013355	-2.83288679327394
2.14675498	-2.0420352248	-8.09706526291936	-16.0369319788585	-8.85788815248914	-3.05314715412916	-2.76808850333031
2.14675498	-1.9896753473	-7.87678317178385	-15.9879420401822	-8.6055659780093	-2.94981952526751	-2.7142073350806
2.14675498	-1.9373154697	-7.6279766978251	-15.9067358082297	-8.32682401632653	-2.85354386061248	-2.67082980344449
2.14675498	-1.8849555922	-7.34898320511115	-15.6960061918822	-8.03602186744971	-2.76945843773521	-2.63518012160019
2.14675498	-1.8325957146	-7.03772433646494	-15.3057843822042	-7.73844226484459	-2.70399775625322	-2.60397381434206
2.14675498	-1.780235837	-6.68553343267122	-14.7232677579372	-7.42786680372367	-2.66113581624959	-2.57426820943709
2.14675498	-1.7278759595	-6.28869808782334	-13.9859760659001	-7.09755529781144	-2.63863982106487	-2.54542697759247
2.14675498	-1.6755160819	-5.84581039303027	-13.1665345624767	-6.73595188283821	-2.62905439603922	-2.51798552672434
2.14675498	-1.6231562044	-5.362208966465	-12.3199559977021	-6.33933421843338	-2.62490568784441	-2.49365156084612
2.14675498	-1.5707963268	-4.84654903642008	-11.4985570939711	-5.9043406235398	-2.62128130451297	-2.47480322327237
2.14675498	-1.5184364492	-4.30726226084803	-10.7154247118812	-5.43478462228383	-2.6172504540958	-2.46215085583485
2.14675498	-1.4660765717	-3.75069742216179	-9.97191159995749	-4.93522116030128	-2.61517452004256	-2.45645923718067
2.14675498	-1.4137166941	-3.17881081100592	-9.25347770892713	-4.41032439929335	-2.61834335011524	-2.4571725271641
2.14675498	-1.3613568166	-2.59541259552857	-8.55184275142718	-3.8664023242077	-2.62908654167776	-2.46378056436921
2.14675498	-1.308996939	-2.00910504161692	-7.86550942311741	-3.31463335617445	-2.64874011710429	-2.47641310087029
2.14675498	-1.2566370614	-1.43071794589158	-7.20691556507024	-2.76472778201755	-2.67579187363295	-2.49487452107775
2.14675498	-1.2042771839	-0.874012172433447	-6.59110603989685	-2.22947198737588	-2.70755895290959	-2.51952497227316
2.14675498	-1.1519173063	-0.349488193798435	-6.03919929950889	-1.71502166866955	-2.74135911209444	-2.55038006050604
2.14675498	-1.0995574288	0.139588924052202	-5.56598923578209	-1.22009674415607	-2.77469137350012	-2.58698227530962
2.14675498	-1.0471975512	0.595393855639472	-5.17374756896241	-0.741155968227148	-2.80624491170757	-2.62878198518132
2.14675498	-0.9948376736	1.02836343760363	-4.85407372864855	-0.268072502068809	-2.83499412358815	-2.67485477307208
2.14675498	-0.9424777961	1.44652423394925	-4.59135295834052	0.202880720515541	-2.86051981460081	-2.72479665350258
2.14675498	-0.8901179185	1.8561460718304	-4.36601880739023	0.671920399844523	-2.88230003016793	-2.77853214883175
2.14675498	-0.837758041	2.25375165854012	-4.15864987461497	1.12748513357401	-2.90037218754191	-2.83642344770517
2.14675498	-0.7853981634	2.63003729739308	-3.95730598326164	1.55424111738434	-2.91459284463275	-2.89925036871951
2.14675498	-0.7330382858	2.97957412431981	-3.75240162280637	1.94358021919254	-2.92691679839338	-2.9681107222069
2.14675498	-0.6806784083	3.27007288741113	-3.53720889308069	2.25414531571172	-2.93992398690024	-3.04292187086108
2.14675498	-0.6283185307	3.50705609330279	-3.30145899301637	2.49145350221351	-2.95716102686155	-3.12383926408265
2.14675498	-0.5759586532	3.66913607336836	-3.04000099084905	2.62696877505426	-2.98255626149173	3.07326216244169
2.14675498	-0.5235987756	3.76212406462976	-2.7488194340192	2.66460844991842	-3.01958315041994	2.98309724238668
2.14675498	-0.47123889804	3.79242801129497	-2.43240016021408	2.60903688481949	-3.06968184108678	2.89043546661362
2.14675498	-0.41887902048	3.76209635665612	-2.10337154376779	2.45974197276735	-3.13272169240736	2.79627807427252
2.14675498	-0.36651914292	3.69088327646092	-1.78697039158516	2.24438357360649	3.0759968835568	2.70246943998972
2.14675498	-0.31415926536	3.58386376234234	-1.51269956529839	1.97692065486899	2.99213770846345	2.6095051458058
2.14675498	-0.2617993878	3.45161389403177	-1.30817992598273	1.68498066156661	2.9004768280521	2.51817385755881
2.14675498	-0.20943951024	3.29894915832885	-1.19436976796367	1.39212405029283	2.80249734292148	2.42860497777073
2.14675498	-0.15707963268	3.13300696909457	-1.17454576521811	1.12027519747859	2.69939811242094	2.34046882280605
2.14675498	-0.10471975512	2.96073792521085	-1.24231829785208	0.885201555270828	2.59311981847962	2.25294201830903
2.14675498	-0.05235987756	2.79236183592132	-1.37986067637762	0.697824919698731	2.48686183838318	2.16501830679428
2.14675498	-4.4408920985E-16	2.6368594804039	-1.57069413747691	0.564076365925776	2.3843274494088	2.07540086934536
2.14675498	0.05235987756	2.50244778755958	-1.80352564421832	0.488784674841169	-0.852024213446018	-1.15840754588754
2.14675498	0.10471975512	2.39393569172702	-2.06866393090554	0.470083120478146	-0.93653306984863	-1.2537490067302
2.14675498	0.15707963268	2.32363476400392	-2.35519893641359	0.515785273544875	-1.01022296956216	-1.35251578798824
2.14675498	0.20943951024	2.2944832940077	-2.64295876830535	0.614358824799235	-1.07519305568421	-1.45416113396132
2.14675498	0.2617993878	2.31043307098904	-2.90862633090501	0.757237626629704	-1.13578201917973	-1.55771732864134
2.14675498	0.31415926536	2.36147457062208	-3.12718703010506	0.919239226329227	-1.19707735617381	-1.66214034520349
2.14675498	0.36651914292	2.43669288908316	-3.28104953145812	1.08147061472214	-1.2639948234086	-1.76637374872842
2.14675498	0.41887902048	2.51124657551991	-3.36635889324372	1.21312863845902	-1.33993344692536	-1.86941673749827
2.14675498	0.47123889804	2.57351120958963	-3.39721671762494	1.30737176385988	-1.42679770885268	-1.97007407656082
2.14675498	0.5235987756	2.59531771639757	-3.39048908850206	1.33427042797853	-1.52454919340932	-2.06774064772972
2.14675498	0.5759586532	2.55815020700945	-3.37062836635248	1.27771919044415	-1.63206940553048	-2.1628449575431
2.14675498	0.6283185307	2.4605098387129	-3.34775094636644	1.13797127945122	-1.74725706742509	-2.25541489220069
2.14675498	0.6806784083	2.30034576998568	-3.33103655958469	0.913061663059725	-1.86697571160601	-2.34670974789108
2.14675498	0.7330382858	2.08617180433157	-3.32652169167909	0.613645973296489	-1.98706986094167	-2.43851499083565
2.14675498	0.7853981634	1.82912721751496	-3.34683430945217	0.257269742267773	-2.10372788475181	-2.53229029756521
2.14675498	0.837758041	1.53908228293603	-3.41032040860124	-0.135403960890844	-2.2136162473057	-2.62859456218715
2.14675498	0.8901179185	1.22050787200994	-3.5407257427408	-0.545402796311853	-2.31600336380991	-2.72653608701355
2.14675498	0.9424777961	0.87232350547333	-3.75149430308514	-0.964205819278787	-2.41154800411115	-2.82372898702765
2.14675498	0.9948376736	0.489292386961558	-4.04321438934578	-1.396080558156	-2.50245580903511	-2.9168095302485
2.14675498	1.0471975512	0.0619802715850958	-4.40318496897526	-1.86044301894208	-2.59029662592853	-3.00251633543997
2.14675498	1.0995574288	-0.413863166346118	-4.80688491335313	-2.37698402244147	-2.67568946442521	-3.07898193654942
2.14675498	1.1519173063	-0.937689456041696	-5.22893845701452	-2.96006178956564	-2.7569839157923	3.13671642662713
2.14675498	1.2042771839	-1.50377452230509	-5.66084745525401	-3.6077273078415	-2.83094668369946	3.07631434624027
2.14675498	1.2566370614	-2.09739330954165	-6.10463872948689	-4.29741594365495	-2.89494871404645	3.01977646719967
2.14675498	1.308996939	-2.70741682466519	-6.57692317938999	-5.00074271888388	-2.94779342615728	2.96350320819859
2.14675498	1.3613568166	-3.31972462875872	-7.08788960687938	-5.68496835795127	-2.99127136796318	2.90482775485987
2.14675498	1.4137166941	-3.92492870938142	-7.6409109774509	-6.32834519250303	-3.02935711240062	2.84271284343904
2.14675498	1.4660765717	-4.5183723813922	-8.21716612688123	-6.93453794838995	-3.0670923646557	2.77837504711096
2.14675498	1.5184364492	-5.09973797979505	-8.78992489410216	-7.52232054162627	-3.10846412180234	2.71431586071741
2.14675498	1.5707963268	-5.66614428300008	-9.32638526069202	-8.11122776003365	3.12875753747843	2.65325165267904
2.14675498	1.6231562044	-6.21760161112721	-9.8106455428177	-8.71418077515413	3.0807873552294	2.59785245288931
2.14675498	1.6755160819	-6.74832023377367	-10.2481503805595	-9.31872187023503	3.03570742193278	2.55050867804378
2.14675498	1.7278759595	-7.25411743501308	-10.6682681539191	-9.89494641864572	2.99807278128544	2.51302605077199
2.14675498	1.780235837	-7.74025131363031	-11.1096007328843	-10.4189325444583	2.96963886942834	2.48727287916441
2.14675498	1.8325957146	-8.22165617534345	-11.598664701635	-10.8938150837446	2.94893101583993	2.47369419684563
2.14675498	1.8849555922	-8.72734783555991	-12.1491038330768	-11.3618222665736	2.93180616069847	2.47101112581313
2.14675498	1.9373154697	-9.30053733627626	-12.7630656774915	-11.9012897686415	2.91341894968987	2.47644138218099
2.14675498	1.9896753473	-10.0042580251006	-13.4681545356029	-12.6038888580916	2.88911347636487	2.48571486413658
2.14675498	2.0420352248	-10.8924078567039	-14.2967779049332	-13.5414391401235	2.85574900431515	2.4927668778311
2.14675498	2.0943951024	-12.0207285605888	-15.3307236721889	-14.7506862259363	2.80894283911408	2.48989501505528
2.14675498	2.14675498	-13.411013782781	-16.6584214324107	-16.1964837692443	2.73947141554291	2.46281994723262
2.14675498	2.1991148575	-15.0078407233019	-18.3436756780511	-17.7153145685905	2.62470156570333	2.3924581503557
2.14675498	2.2514747351	-16.5422319404135	-20.2456524934002	-18.9549570573439	2.42090467941336	2.26434258510979
2.14675498	2.3038346126	-17.4051333300051	-21.6154067936836	-19.476253613521	2.0882244906217	2.09355082309021
2.14675498	2.3561944902	-17.0953175806302	-21.3485402670603	-19.1404008129826	1.71507189374981	1.93145402296194
2.14675498	2.4085543678	-15.9924156980378	-19.858206488236	-18.2883281481921	1.46711406671642	1.81732840472079
2.14675498	2.4609142453	-14.786946943341	-18.3389617453045	-17.315670492876	1.35631104774101	1.75127363465638
2.14675498	2.5132741229	-13.8501580362219	-17.3307547647323	-16.4361499892535	1.32232165659734	1.71788196332607
2.14675498	2.5656340004	-13.3073079297	-17.0373535826053	-15.7003583962397	1.31864400894665	1.70395207226122
2.14675498	2.617993878	-13.1550371948317	-17.5994974260158	-15.0890326706553	1.31669255259864	1.70207138165851
2.14675498	2.6703537556	-13.301476690955	-19.2807525905499	-14.5647265718241	1.29071381215918	1.7083667556547
2.14675498	2.7227136331	-13.5319798018209	-22.6008090383698	-14.1065077312749	1.19201853042563	1.72016294074253
2.14675498	2.7750735107	-13.6042283175987	-28.7000746997155	-13.7406881390999	0.791944080390075	1.73522525723467
2.14675498	2.8274333882	-13.4187451451299	-30.4685207886748	-13.5052669670382	-0.590409347458941	1.75101399171185
2.14675498	2.8797932658	-13.1453870418657	-24.7562846136768	-13.4559355576455	-1.14040532530655	1.76574532689826
2.14675498	2.9321531434	-13.0318927537671	-21.9601580032147	-13.6266743369783	-1.27318188074222	1.77878461882398
2.14675498	2.9845130209	-13.2396279533576	-21.0441514959761	-14.0268528008282	-1.30502892680007	1.79116659913413
2.14675498	3.0368728985	-13.8165558831631	-21.4379110238635	-14.6411209589442	-1.27367684227894	1.80661414234169
2.14675498	3.089232776	-14.7123200820462	-22.9081320580803	-15.4258126313713	-1.15773763852574	1.83147480286681
2.14675498	3.1415926536	-15.8276839441653	-25.1633256147804	-16.3657633527288	-0.889886088556294	1.87668841043918
2.1991148575	-3.1415926536	-15.8305509473345	-24.0725863961483	-16.5358416556192	2.20509172511427	-1.27188292101916
2.1991148575	-3.089232776	-17.1089177016388	-26.2137695645254	-17.6783746524377	2.6689824080673	-1.19448313245428
2.1991148575	-3.0368728985	-18.3701697913784	-26.4710803578784	-19.1008276809258	-3.0112126298331	-1.05211995254659
2.1991148575	-2.9845130209	-19.4792335178974	-25.2199019038297	-20.8260899154931	-2.51928658756157	-0.798463227743639
2.1991148575	-2.9321531434	-20.1454367980933	-24.0480031874254	-22.4159124771943	-2.14514051946717	-0.365030928024561
2.1991148575	-2.8797932658	-19.8660275914354	-23.332069258332	-22.4639011593707	-1.80993751307615	0.22758518575766
2.1991148575	-2.8274333882	-18.6314344609648	-22.9741561432859	-20.6235651728888	-1.48428674615229	0.754091888890042
2.1991148575	-2.7750735107	-17.1325671950712	-23.0009330680577	-18.4339086304295	-1.17119117430164	1.12589605495521
2.1991148575	-2.7227136331	-15.9159521910317	-23.6943765573399	-16.7083825426068	-0.866850183108316	1.41032945080026
2.1991148575	-2.6703537556	-15.094197564406	-25.525589700306	-15.5063817443954	-0.523246852298452	1.66583846157101
2.1991148575	-2.617993878	-14.5083460659958	-28.8202050620069	-14.6723186518722	0.0359789412748478	1.92188522948298
2.1991148575	-2.5656340004	-13.8786354986997	-29.8562858877031	-13.9896962161046	1.10394940443359	2.18545925362369
2.1991148575	-2.5132741229	-13.0351515677584	-25.4703278427307	-13.2904021287936	1.86701799055802	2.4444889039139
2.1991148575	-2.4609142453	-12.0638412093143	-21.869314847169	-12.5435779745359	2.21923318811569	2.68040904094863
2.1991148575	-2.4085543678	-11.168279031381	-19.6455991169971	-11.8333724694532	2.44503515740367	2.87935504433555
2.1991148575	-2.3561944902	-10.4853098066296	-18.365323894024	-11.2576872322645	2.63080075839651	3.04039652535524
2.1991148575	-2.3038346126	-10.0482312001103	-17.7011344616259	-10.8662289339511	2.80528001982564	-3.11355735739503
2.1991148575	-2.2514747351	-9.82105908618939	-17.4310917982333	-10.6479952374492	2.97710442791558	-3.00852325633589
2.1991148575	-2.1991148575	-9.73375212161107	-17.3996276749723	-10.5490660964761	-3.13605675786729	-2.92156814161131
2.1991148575	-2.14675498	-9.70771044275771	-17.5056851643008	-10.4962379346026	-2.96965898299402	-2.84930204461519
2.1991148575	-2.0943951024	-9.67596644035504	-17.7003233907728	-10.4207979972622	-2.80734425388753	-2.79055298458545
2.1991148575	-2.0420352248	-9.5918963391331	-17.9143961855558	-10.2831521143303	-2.64860486016913	-2.74476589971535
2.1991148575	-1.9896753473	-9.43096657964325	-18.0649676802672	-10.070667079992	-2.49551459678676	-2.71074355283895
2.1991148575	-1.9373154697	-9.18979288213122	-18.0498372841281	-9.79467837253206	-2.35811517361729	-2.68554156830656
2.1991148575	-1.8849555922	-8.88105753499568	-17.8149042818938	-9.47502049813787	-2.25214352020242	-2.66503136993619
2.1991148575	-1.8325957146	-8.52354888119679	-17.3594636338038	-9.1320519922968	-2.19083138610874	-2.64530619213026
2.1991148575	-1.780235837	-8.12335712733361	-16.7147217058513	-8.76986258625109	-2.17652729446254	-2.62391041735776
2.1991148575	-1.7278759595	-7.68053195303419	-15.9095991482053	-8.38811337139749	-2.19871116117469	-2.59986680038426
2.1991148575	-1.6755160819	-7.18613604934253	-14.9636724936809	-7.97874415872526	-2.23871561063867	-2.57444065709646
2.1991148575	-1.6231562044	-6.6353325330301	-13.9338681740959	-7.53053731829363	-2.27980020860451	-2.54956390602207
2.1991148575	-1.5707963268	-6.03628405670639	-12.8780421067527	-7.04317076199943	-2.31444817330547	-2.52725410577494
2.1991148575	-1.5184364492	-5.39708728061757	-11.8350137412278	-6.51582547081094	-2.34017377860734	-2.50935606322755
2.1991148575	-1.4660765717	-4.73014720385363	-10.8246524036438	-5.95517633890006	-2.36234148067133	-2.49701963654363
2.1991148575	-1.4137166941	-4.04558468503066	-9.84977731934068	-5.36957235209233	-2.38696753054309	-2.49029806087625
2.1991148575	-1.3613568166	-3.35495203868864	-8.90675152760148	-4.77256881165743	-2.41893303830226	-2.48974166757223
2.1991148575	-1.308996939	-2.67029481984816	-7.99988211246241	-4.17682053978098	-2.45975128799817	-2.49514772549234
2.1991148575	-1.2566370614	-2.0027048457277	-7.13844985645474	-3.59221818247751	-2.50764540675546	-2.50689271465863
2.1991148575	-1.2042771839	-1.36460217422785	-6.34027893824318	-3.02678269106187	-2.55963278508622	-2.52450565304349
2.1991148575	-1.1519173063	-0.764304789943158	-5.62165764055923	-2.48277957800151	-2.61280321916613	-2.54764715772129
2.1991148575	-1.0995574288	-0.205541327101039	-4.99812901384204	-1.9558056704962	-2.66506409635598	-2.5756511864984
2.1991148575	-1.0471975512	0.315179100519194	-4.47410787929695	-1.43672440394681	-2.71500673112877	-2.60770900087069
2.1991148575	-0.9948376736	0.807299978887601	-4.04384312946663	-0.914192308338851	-2.7620328329022	-2.64365572657139
2.1991148575	-0.9424777961	1.27877735883287	-3.69189758508359	-0.385737396697231	-2.80566861376303	-2.68388261629791
2.1991148575	-0.8901179185	1.73848715144695	-3.40028369807116	0.150310424073756	-2.84529046728474	-2.72930602619804
2.1991148575	-0.837758041	2.18354617572687	-3.15354229173705	0.680127109064241	-2.88011969152955	-2.7812635126301
2.1991148575	-0.7853981634	2.60652319851049	-2.94065402196484	1.18712093605553	-2.90957818171651	-2.84086202234532
2.1991148575	-0.7330382858	2.99215247745909	-2.74988086849834	1.64579226720187	-2.93410350519038	-2.90873485407796
2.1991148575	-0.6806784083	3.32929616457996	-2.56878686772137	2.03828955106648	-2.95598047869462	-2.98492087631433
2.1991148575	-0.6283185307	3.60313847355431	-2.38258355092302	2.3420626207231	-2.97839055493096	-3.06853760115344
2.1991148575	-0.5759586532	3.8002916474255	-2.1783472126942	2.53682668342561	-3.00560194418509	3.12486531215372
2.1991148575	-0.5235987756	3.92384333952497	-1.94277182519579	2.62189007599831	-3.04178711470153	3.03029850282336
2.1991148575	-0.47123889804	3.97082005316436	-1.67712199051605	2.58975185251446	-3.08966561317826	2.93240689908894
2.1991148575	-0.41887902048	3.95082790361185	-1.39191050730508	2.44974378886673	3.13304490990881	2.83250751194607
2.1991148575	-0.36651914292	3.87498917806281	-1.11059702990563	2.21742155674495	3.06074090114606	2.73187924991987
2.1991148575	-0.31415926536	3.75366664236837	-0.86654138602324	1.91523611911149	2.97822410707849	2.63151028522444
2.1991148575	-0.2617993878	3.5974495269062	-0.689258667850388	1.57238189333016	2.88726650334265	2.53245943717406
2.1991148575	-0.20943951024	3.41367272622335	-0.600071868545173	1.2179316017824	2.78920551796552	2.43531381895805
2.1991148575	-0.15707963268	3.21217213370841	-0.603584545955728	0.881059797099941	2.68547162139548	2.34047695430862
2.1991148575	-0.10471975512	3.00579800458367	-0.691337550611121	0.588397866247628	2.57806921664307	2.24747832561533
2.1991148575	-0.05235987756	2.80865331549743	-0.845018390015236	0.35859729469613	2.47007060754181	2.15536582727014
2.1991148575	-4.4408920985E-16	2.63646520040274	-1.04400274594322	0.2066097095375	2.36512568070955	2.06239643926081
2.1991148575	0.05235987756	2.50143855916396	-1.27133184676995	0.13952587911835	-0.874575860156531	-1.17466535883284
2.1991148575	0.10471975512	2.41283439594067	-1.51451752480054	0.159298319574302	-0.964137347071176	-1.27407314556369
2.1991148575	0.15707963268	2.37509503515638	-1.76045793182319	0.257674991099565	-1.04489047159465	-1.3778747988756
2.1991148575	0.20943951024	2.39616083225981	-1.99230469670609	0.430433987429524	-1.11997431291189	-1.4856824957673
2.1991148575	0.2617993878	2.46229018592372	-2.18689643203687	0.639054337630402	-1.19406393879431	-1.59622764659031
2.1991148575	0.31415926536	2.57054572327016	-2.32462179546849	0.870308670991066	-1.27206679853581	-1.70801082659145
2.1991148575	0.36651914292	2.70018594096171	-2.39181926998907	1.09120037394976	-1.35821285117472	-1.81941135452179
2.1991148575	0.41887902048	2.82533092997468	-2.38916423464187	1.27017163595226	-1.45456752399127	-1.92900074878023
2.1991148575	0.47123889804	2.92188650118789	-2.3297705844835	1.38263142606717	-1.56110786326491	-2.0358932786069
2.1991148575	0.5235987756	2.96736300829811	-2.23506816286106	1.40699871025348	-1.67655272506138	-2.1397628132553
2.1991148575	0.5759586532	2.95012030894455	-2.12968419228152	1.33565238385799	-1.79882115245661	-2.24067616915293
2.1991148575	0.6283185307	2.86418847699537	-2.03229782610256	1.16458322994095	-1.92555901936574	-2.33943557560554
2.1991148575	0.6806784083	2.71323586416649	-1.95586526594068	0.900352903557599	-2.05337831137879	-2.43743515556295
2.1991148575	0.7330382858	2.50669713556961	-1.91369707172922	0.559142289584448	-2.17898983568878	-2.53611323707607
2.1991148575	0.7853981634	2.25445249048101	-1.92150165383687	0.162226724189636	-2.29908602250806	-2.63684882011131
2.1991148575	0.837758041	1.96501103885282	-1.99874552789305	-0.263936863478469	-2.41140661688197	-2.73975993038954
2.1991148575	0.8901179185	1.64038087115593	-2.15991706781297	-0.701747709289223	-2.51545503015809	-2.84384298453159
2.1991148575	0.9424777961	1.27837559383928	-2.41293363721903	-1.14336894295617	-2.61176959328908	-2.94632232190899
2.1991148575	0.9948376736	0.873373896394567	-2.75081865062804	-1.59915981583987	-2.70237834229113	-3.04417282778476
2.1991148575	1.0471975512	0.421752425955883	-3.15152901315754	-2.09024211979681	-2.78815505430653	-3.1347679277107
2.1991148575	1.0995574288	-0.0781689332330091	-3.58850990507833	-2.64010326695852	-2.86933502604488	3.06621251728235
2.1991148575	1.1519173063	-0.621124114401834	-4.03940855184879	-3.25849665641262	-2.94416586490267	2.99187521697856
2.1991148575	1.2042771839	-1.19930510551498	-4.49443085072609	-3.94231500473313	-3.01011653929009	2.9233847838305
2.1991148575	1.2566370614	-1.80106555673763	-4.95994774618536	-4.66769891237296	-3.06536923805677	2.85779168895743
2.1991148575	1.308996939	-2.41079198634713	-5.44802078089287	-5.39432905143616	-3.10973756664238	2.79212210170961
2.1991148575	1.3613568166	-3.01999855024636	-5.9703038434369	-6.09113357668317	3.1377728273834	2.72431003833586
2.1991148575	1.4137166941	-3.61603498593185	-6.52143564243676	-6.73383082288186	3.10683879245101	2.65395973039718
2.1991148575	1.4660765717	-4.19471189907056	-7.08472478793835	-7.32872566511506	3.07612224319525	2.58203212823962
2.1991148575	1.5184364492	-4.74744040064331	-7.62754571492084	-7.8919589729136	3.04223529441677	2.51029754281203
2.1991148575	1.5707963268	-5.26860254306593	-8.11677316594221	-8.44731989265228	3.00439776202359	2.44157204263526
2.1991148575	1.6231562044	-5.75828722408257	-8.54183630298622	-9.00783235908198	2.964778528319	2.37893597822932
2.1991148575	1.6755160819	-6.20740427926509	-8.90310443742132	-9.55688568007223	2.92747038914757	2.32559179128371
2.1991148575	1.7278759595	-6.62039710708258	-9.22953160558743	-10.0727254631527	2.89610865334365	2.28623650063381
2.1991148575	1.780235837	-7.00105517654134	-9.54894066671867	-10.5289374024552	2.87253892019578	2.26385638845854
2.1991148575	1.8325957146	-7.36245928803239	-9.88171624408888	-10.9264855750283	2.85623129157407	2.25976864458571
2.1991148575	1.8849555922	-7.72236548758771	-10.2346298259097	-11.2953024752957	2.84543694743147	2.27225566363498
2.1991148575	1.9373154697	-8.12133548111105	-10.6189416282117	-11.7130578362211	2.83787315613315	2.29596727475542
2.1991148575	1.9896753473	-8.60491616336593	-11.053987498997	-12.2598873595731	2.83228415280077	2.32544388214159
2.1991148575	2.0420352248	-9.23008479474273	-11.5860812582911	-13.0110556118964	2.82799249958636	2.35492949445313
2.1991148575	2.0943951024	-10.0562726423311	-12.2860285857142	-14.0188246900546	2.82404459193083	2.37715060681113
2.1991148575	2.14675498	-11.1310094924267	-13.2441567803321	-15.2733713358762	2.81699459144064	2.38410187045584
2.1991148575	2.1991148575	-12.4853341880984	-14.559427112845	-16.690747317358	2.79727426878762	2.36199151700088
2.1991148575	2.2514747351	-14.0864916478006	-16.2991606701471	-18.0746340876295	2.74435004110228	2.29270136584722
2.1991148575	2.3038346126	-15.7123000803743	-18.4009537256098	-19.0699871686127	2.61786535367777	2.166822869505
2.1991148575	2.3561944902	-16.8045658479627	-20.3617089363559	-19.3292419206805	2.36290282342153	2.00442601999703
2.1991148575	2.4085543678	-16.7763119110086	-21.037355290521	-18.8166983066892	2.00198421257278	1.85180497063147
2.1991148575	2.4609142453	-15.8575040602182	-20.1836678489356	-17.8593010076133	1.70479223374462	1.74098177394494
2.1991148575	2.5132741229	-14.7645200135733	-19.0358446077555	-16.7987524157495	1.54411510258017	1.67369998449052
2.1991148575	2.5656340004	-13.9280692572667	-18.4663846973947	-15.8102878171623	1.46954310215351	1.64011577626293
2.1991148575	2.617993878	-13.4806989306935	-18.8261071144227	-14.9806812009561	1.42765148494655	1.63109413638496
2.1991148575	2.6703537556	-13.3597220304245	-20.430664383278	-14.3087468471011	1.37857352933028	1.6398171731142
2.1991148575	2.7227136331	-13.4061542537097	-23.9628273095676	-13.8060611824613	1.25997512370894	1.66110122951352
2.1991148575	2.7750735107	-13.3941003155223	-31.0398332843289	-13.4694310333658	0.743042084461258	1.68956050527945
2.1991148575	2.8274333882	-13.2268826829369	-29.836248410896	-13.3227414549487	-0.823149214176702	1.72030519449148
2.1991148575	2.8797932658	-13.0011428769906	-23.827838868819	-13.3758711057626	-1.20933415630018	1.74888927528689
2.1991148575	2.9321531434	-12.9278234724817	-21.0961985180904	-13.6462332683897	-1.30421589837846	1.772674372109
2.1991148575	2.9845130209	-13.1522057587106	-20.1594456631235	-14.1169319697006	-1.32374261714535	1.79110718916229
2.1991148575	3.0368728985	-13.738099299577	-20.483507447217	-14.7704815734099	-1.28957767723446	1.80745967980186
2.1991148575	3.089232776	-14.6623209879458	-21.8613667898076	-15.5806242874393	-1.18046557744594	1.82936551713165
2.1991148575	3.1415926536	-15.8305509473345	-24.0725863961483	-16.5358416556192	-0.936500928475525	1.86970973257063
2.2514747351	-3.1415926536	-15.8291656138613	-23.1110188901901	-16.728198208381	2.16844145671037	-1.27940522881183
2.2514747351	-3.089232776	-17.1902853344626	-25.4299563260863	-17.8959931003688	2.59713547435868	-1.20544826101781
2.2514747351	-3.0368728985	-18.5537495943163	-26.1866199325357	-19.3759108799123	-3.09493266715316	-1.05934981219325
2.2514747351	-2.9845130209	-19.7608029659135	-25.3402236118435	-21.1678049241048	-2.58667868100679	-0.787420327670521
2.2514747351	-2.9321531434	-20.4918783048379	-24.5342081388245	-22.6689135822754	-2.20256654937485	-0.320073630791647
2.2514747351	-2.8797932658	-20.2426904946664	-24.3406338500174	-22.3839094338631	-1.85824304484343	0.283251977937636
2.2514747351	-2.8274333882	-19.0391973327993	-24.6989965107706	-20.4158347749858	-1.50471948528412	0.787697719880901
2.2514747351	-2.7750735107	-17.5799598060122	-25.5844507679495	-18.3285181762937	-1.130032483606	1.14707727585666
2.2514747351	-2.7227136331	-16.3848843725014	-27.3120239653954	-16.7506740734888	-0.710337898327037	1.43353981300635
2.2514747351	-2.6703537556	-15.516778754916	-30.3055109462381	-15.6634084562078	-0.0991145838867524	1.6989758549214
2.2514747351	-2.617993878	-14.8144170422766	-31.2820008660625	-14.9134934684464	1.00831187565033	1.96691513537812
2.2514747351	-2.5656340004	-14.0505982007745	-26.6074961817305	-14.2985886963796	1.83757386424069	2.24002857875848
2.2514747351	-2.5132741229	-13.1681403748541	-22.6387286230502	-13.6887293337525	2.22619453120313	2.5058283355849
2.2514747351	-2.4609142453	-12.302481759142	-20.1730872214397	-13.0766928696177	2.47462644693705	2.74522772251737
2.2514747351	-2.4085543678	-11.6235071356664	-18.8092849512988	-12.5449404819016	2.68020662281105	2.94785484971193
2.2514747351	-2.3561944902	-11.2207211580406	-18.2460042136217	-12.1809709026147	2.87956905215979	3.11178854938841
2.2514747351	-2.3038346126	-11.0922244807671	-18.2405916670094	-12.0225473168997	3.09155269685493	-3.04216229586232
2.2514747351	-2.2514747351	-11.1685027300281	-18.5703185177903	-12.040407058068	-2.95750569252851	-2.94282441748358
2.2514747351	-2.1991148575	-11.3459391147774	-19.0061002507912	-12.1624341187463	-2.70068199727223	-2.87002917643655
2.2514747351	-2.14675498	-11.514748093196	-19.361870874486	-12.2935566085944	-2.42892499510938	-2.82141775797645
2.2514747351	-2.0943951024	-11.5718959004591	-19.5051734480656	-12.3339815443292	-2.15560262285149	-2.79451117663876
2.2514747351	-2.0420352248	-11.4517189119386	-19.3597676803314	-12.2186605915493	-1.89909773270876	-2.78458992794419
2.2514747351	-1.9896753473	-11.1436843429443	-18.9556620941694	-11.9294293154617	-1.68034704437839	-2.7849202543522
2.2514747351	-1.9373154697	-10.6989496696309	-18.4036046537009	-11.5062982111082	-1.51658283256618	-2.78766423731635
2.2514747351	-1.8849555922	-10.186995556335	-17.8475235601227	-11.003414681441	-1.41650325899435	-2.78699302878841
2.2514747351	-1.8325957146	-9.66802802478467	-17.3920234715634	-10.4714358741726	-1.38117167893645	-2.77950049973743
2.2514747351	-1.780235837	-9.16864603787165	-17.0295855751624	-9.94474593022753	-1.40746945875438	-2.7637703701701
2.2514747351	-1.7278759595	-8.67378252999405	-16.6584814295001	-9.42607404146649	-1.48677330646436	-2.74113183129168
2.2514747351	-1.6755160819	-8.15406427450249	-16.1166583570225	-8.91054914015319	-1.60175252728906	-2.71325677127735
2.2514747351	-1.6231562044	-7.57549799148277	-15.3102378409358	-8.37672573593895	-1.72697707432108	-2.68287228236341
2.2514747351	-1.5707963268	-6.92993502993433	-14.2618781197718	-7.81752848957598	-1.84053214293455	-2.65253239573622
2.2514747351	-1.5184364492	-6.22303531375908	-13.069646784395	-7.22865654026433	-1.93395177272632	-2.6249838179393
2.2514747351	-1.4660765717	-5.47423258682153	-11.8333985203048	-6.61638630825964	-2.01138722603204	-2.60190786550526
2.2514747351	-1.4137166941	-4.70558469194782	-10.6178119761781	-5.99170567048692	-2.08244594923272	-2.5848316193462
2.2514747351	-1.3613568166	-3.93705918625287	-9.44636174409434	-5.37119144638608	-2.1536146429713	-2.57459295707774
2.2514747351	-1.308996939	-3.18266900153455	-8.32876965776399	-4.76761347812884	-2.22875063332721	-2.57135784682588
2.2514747351	-1.2566370614	-2.4542273868991	-7.27753078559717	-4.189326992207	-2.30697879417006	-2.57475162876138
2.2514747351	-1.2042771839	-1.76205771942604	-6.30792962565554	-3.64018247975361	-2.38572667964306	-2.58362196243157
2.2514747351	-1.1519173063	-1.11193714167119	-5.43352119119432	-3.11641799479904	-2.46226833365523	-2.59680295923503
2.2514747351	-1.0995574288	-0.506465279619412	-4.67009669595847	-2.60633525328547	-2.53559321386643	-2.61281856554164
2.2514747351	-1.0471975512	0.0575018347527755	-4.02045800547426	-2.09650025787728	-2.60498744881552	-2.63084664291121
2.2514747351	-0.9948376736	0.589838438857274	-3.47866217446962	-1.57024832495202	-2.67080279429408	-2.65131110933298
2.2514747351	-0.9424777961	1.10140700281521	-3.03051955325571	-1.01829316833298	-2.73268049877665	-2.67573254012558
2.2514747351	-0.8901179185	1.59951624876143	-2.65792959423488	-0.443029021142555	-2.78986311648408	-2.70665654439034
2.2514747351	-0.837758041	2.08406675049896	-2.34758801288508	0.142870994965136	-2.84122477982405	-2.74658209593049
2.2514747351	-0.7853981634	2.5446606113635	-2.0901076448426	0.713883936632228	-2.88553795823588	-2.79744104298533
2.2514747351	-0.7330382858	2.97060381083811	-1.8766346747564	1.24721086431352	-2.92289678447973	-2.86017550550899
2.2514747351	-0.6806784083	3.35084392171683	-1.69482589250182	1.72091837147054	-2.95466180014524	-2.93422316792071
2.2514747351	-0.6283185307	3.66084948502628	-1.52814220135991	2.09466228885365	-2.98414773549848	-3.0179198506745
2.2514747351	-0.5759586532	3.89553465898585	-1.35667140591251	2.35651307832839	-3.01546861357099	-3.10955175324288
2.2514747351	-0.5235987756	4.05083233065366	-1.16387466803302	2.49576424760062	-3.053472052204	3.07594277340649
2.2514747351	-0.47123889804	4.12262263856327	-0.942043305927811	2.50132111278377	-3.10159169343088	2.97383080269623
2.2514747351	-0.41887902048	4.11550430016015	-0.699876928806718	2.37650873282083	3.12159315283621	2.86856931107248
2.2514747351	-0.36651914292	4.04236870670724	-0.458406432617638	2.13964838838184	3.0498122756187	2.76144913944983
2.2514747351	-0.31415926536	3.91166112496125	-0.249479980848809	1.81024205172066	2.96751065735759	2.65368889097269
2.2514747351	-0.2617993878	3.73533609517676	-0.104419782182221	1.4211938468246	2.87636140937828	2.54664309876416
2.2514747351	-0.20943951024	3.5241243864733	-0.0435164781249762	1.00770703530921	2.77784625086421	2.44155280163301
2.2514747351	-0.15707963268	3.28960976140276	-0.0746842631430908	0.606611780904439	2.67329895925822	2.33951070828149
2.2514747351	-0.10471975512	3.05012397110614	-0.186835272716155	0.255238352405704	2.56484050533298	2.24079057310476
2.2514747351	-0.05235987756	2.82541073342347	-0.358944855935878	-0.0175413852768794	2.45532784472757	2.14431925540683
2.2514747351	-4.4408920985E-16	2.63707572204917	-0.566354500587265	-0.188318024364571	2.34811859424447	2.04829195673975
2.2514747351	0.05235987756	2.50179282970661	-0.788131516209304	-0.245802688494774	-0.894943795149257	-1.19176085651936
2.2514747351	0.10471975512	2.43104760892076	-1.00807511144614	-0.188992388442612	-0.989148000737025	-1.2946304881007
2.2514747351	0.15707963268	2.43042952963557	-1.21096468028466	-0.028955351633259	-1.07711966656133	-1.4031569324793
2.2514747351	0.20943951024	2.49704698336945	-1.38183417290282	0.210230622614097	-1.16217896005571	-1.51669472684521
2.2514747351	0.2617993878	2.62221296609908	-1.50367285875468	0.498707755329715	-1.24949696448017	-1.63372165649788
2.2514747351	0.31415926536	2.78148210095279	-1.55909136902256	0.788100588475451	-1.34352211842769	-1.75225084736832
2.2514747351	0.36651914292	2.95879282274441	-1.54060988688488	1.05531777551339	-1.44737439861479	-1.87005703700281
2.2514747351	0.41887902048	3.12260579109273	-1.45220375929637	1.26005729595237	-1.5613344347378	-1.98576241162632
2.2514747351	0.47123889804	3.24576662835972	-1.31107685223166	1.37356633818636	-1.68392315202859	-2.09847749138551
2.2514747351	0.5235987756	3.3073959684165	-1.14468592550662	1.37767030422647	-1.81273127018995	-2.20830703332663
2.2514747351	0.5759586532	3.29855685394859	-0.981455592990841	1.26950659938071	-1.94514852807571	-2.31512672576517
2.2514747351	0.6283185307	3.2143631692155	-0.844442396305451	1.04801738559876	-2.0789653000348	-2.42022788282267
2.2514747351	0.6806784083	3.0613826855226	-0.748784805149414	0.72629511584414	-2.21124535460797	-2.52498923486557
2.2514747351	0.7330382858	2.84775187745597	-0.71152910992774	0.324760608591609	-2.33946287576061	-2.63101355616299
2.2514747351	0.7853981634	2.58460406533631	-0.74605165687285	-0.127356330811928	-2.46094639587645	-2.73911261936887
2.2514747351	0.837758041	2.27535362497996	-0.870084970891501	-0.603886186718533	-2.57394782011014	-2.84940683441373
2.2514747351	0.8901179185	1.9212980129383	-1.09464513765656	-1.08336607296089	-2.67814795979839	-2.96048274349641
2.2514747351	0.9424777961	1.51807324231625	-1.4230219232776	-1.56255216496165	-2.77408051771384	-3.06970522131953
2.2514747351	0.9948376736	1.06310036380574	-1.84207449074054	-2.05493260525635	-2.86293639811699	3.10895119009823
2.2514747351	1.0471975512	0.556753813953254	-2.32731991712405	-2.58355119519461	-2.94555588551205	3.01109196340987
2.2514747351	1.0995574288	0.00116436574660803	-2.85021529989338	-3.17409281958561	-3.02182185509196	2.92045395714092
2.2514747351	1.1519173063	-0.594646208246184	-3.3831467959532	-3.83868562105273	-3.09015248719738	2.83597924889909
2.2514747351	1.2042771839	-1.22023487393789	-3.9169986042181	-4.56848024167723	3.1345990470597	2.75558752493735
2.2514747351	1.2566370614	-1.86148724275275	-4.4517350742994	-5.33686030149487	3.08734064068983	2.6769529646181
2.2514747351	1.308996939	-2.50395877223447	-4.99884316195955	-6.09918519365243	3.05080559742823	2.59771201496638
2.2514747351	1.3613568166	-3.1378841041925	-5.56826610809938	-6.81764993441401	3.02254072658893	2.5168580088826
2.2514747351	1.4137166941	-3.75041415174527	-6.15314420821505	-7.46732523964272	2.99856693809898	2.43411951127049
2.2514747351	1.4660765717	-4.33187905599688	-6.7352120184137	-8.04797431941194	2.974544783577	2.35101503220368
2.2514747351	1.5184364492	-4.87375542326806	-7.28159815029255	-8.5837567224417	2.94732635586432	2.26869914147454
2.2514747351	1.5707963268	-5.36754548225564	-7.76415965808466	-9.09274738867675	2.91600312908809	2.18985370071188
2.2514747351	1.6231562044	-5.80828045516269	-8.16440396695964	-9.58907489166337	2.88245784352812	2.11762997532558
2.2514747351	1.6755160819	-6.19444829201991	-8.48663418028034	-10.0655939682353	2.84975417495082	2.05752992295027
2.2514747351	1.7278759595	-6.53253322656965	-8.75437236001723	-10.5069107022591	2.82105504823435	2.01540287127724
2.2514747351	1.780235837	-6.82574995137589	-8.99042144875756	-10.8871454520615	2.79847404896417	1.99684412592665
2.2514747351	1.8325957146	-7.08469159622687	-9.20798039480171	-11.2109206214693	2.78231518880573	2.00371192224963
2.2514747351	1.8849555922	-7.32471311876137	-9.41775522627903	-11.4993485879496	2.77184976313906	2.03276328672275
2.2514747351	1.9373154697	-7.56684431730323	-9.62566404931622	-11.7973230644157	2.76732951282317	2.07759260309291
2.2514747351	1.9896753473	-7.85719272305911	-9.8567787436136	-12.187134934241	2.76876865857983	2.1299130770807
2.2514747351	2.0420352248	-8.25092344474146	-10.1586663770759	-12.7425778863031	2.77705479415866	2.18393798021081
2.2514747351	2.0943951024	-8.80610604389881	-10.5979874198879	-13.5160357481448	2.79166394359561	2.23354409190012
2.2514747351	2.14675498	-9.5865003227375	-11.2625163369333	-14.5326530476983	2.81054411692531	2.27433624869119
2.2514747351	2.1991148575	-10.6317435279479	-12.2256865269393	-15.75748227583	2.82786591702835	2.29845780025668
2.2514747351	2.2514747351	-11.958167866351	-13.5532020307687	-17.0814468548785	2.83244287517884	2.29192544754322
2.2514747351	2.3038346126	-13.5216661558492	-15.2754734169456	-18.3071243316403	2.80308245360165	2.23533277182412
2.2514747351	2.3561944902	-15.1097458651147	-17.3072944051299	-19.1207449013028	2.70405716222971	2.11722940198966
2.2514747351	2.4085543678	-16.2071415061365	-19.2392970169296	-19.195695344612	2.49409713131443	1.95511132755224
2.2514747351	2.4609142453	-16.2875484266715	-20.2632653155155	-18.5084931246063	2.19005125817148	1.79734897824658
2.2514747351	2.5132741229	-15.5353809252216	-20.1706010834437	-17.3659206750673	1.91176909996365	1.68133938930027
2.2514747351	2.5656340004	-14.6165033123886	-19.8782111482673	-16.1514902106038	1.73182739393346	1.614553725576
2.2514747351	2.617993878	-13.9335074643374	-20.2829905726519	-15.0785781489098	1.62350970726377	1.58812149394288
2.2514747351	2.6703537556	-13.562161952006	-22.0038745483119	-14.2331764069136	1.53624172012893	1.59137529591172
2.2514747351	2.7227136331	-13.405581011547	-26.0779521296793	-13.6468804497385	1.39097164856599	1.61521795452221
2.2514747351	2.7750735107	-13.2879817829074	-35.4176265144544	-13.3146597697893	0.593468448994234	1.65175282546552
2.2514747351	2.8274333882	-13.0986985491199	-28.6532037132435	-13.221286783154	-1.05541221748365	1.69349176893597
2.2514747351	2.8797932658	-12.9009408354785	-22.8756041136031	-13.3613400784781	-1.27229739139495	1.73389336102924
2.2514747351	2.9321531434	-12.8469115417845	-20.2844956718892	-13.710903168322	-1.33062941487409	1.76752638360949
2.2514747351	2.9845130209	-13.0832596576515	-19.3559531864874	-14.2517660157782	-1.33833925687845	1.79207301586859
2.2514747351	3.0368728985	-13.6755724388719	-19.637801210526	-14.9445925046584	-1.30148217807092	1.80929706966182
2.2514747351	3.089232776	-14.6132792176836	-20.9406486707561	-15.765043507271	-1.19792593301076	1.82748238980518
2.2514747351	3.1415926536	-15.8291656138613	-23.1110188901901	-16.728198208381	-0.973151196879425	1.86218742477797
2.3038346126	-3.1415926536	-15.8282937994557	-22.257706830442	-16.9495365799116	2.13861964695005	-1.28715987055554
2.3038346126	-3.089232776	-17.2691442260669	-24.7033571977885	-18.13387823146	2.53690664119708	-1.21725616731053
2.3038346126	-3.0368728985	-18.7335069181636	-25.8684879838648	-19.6670336617286	3.11130306035755	-1.06724053683143
2.3038346126	-2.9845130209	-20.0323340239006	-25.3932687762801	-21.5259272291564	-2.65672477243736	-0.774861599667181
2.3038346126	-2.9321531434	-20.7971052928802	-24.9418745693769	-22.9087444570058	-2.27541825258633	-0.270542824765687
2.3038346126	-2.8797932658	-20.5216422906337	-25.3355934018938	-22.2613422913848	-1.94189814495067	0.340623978338121
2.3038346126	-2.8274333882	-19.3051536164205	-26.7101925186425	-20.1763416565487	-1.58375359281086	0.821269829402264
2.3038346126	-2.7750735107	-17.8674359919747	-29.1865496046195	-18.2004139448055	-1.14037962005644	1.16643821642747
2.3038346126	-2.7227136331	-16.6776302534494	-33.1157419463487	-16.7773891272955	-0.445993706031563	1.45203881576508
2.3038346126	-2.6703537556	-15.7793726652255	-34.1570383508716	-15.8429338414668	0.89677265944733	1.72363880466993
2.3038346126	-2.617993878	-15.0242772451312	-28.2958107485619	-15.2337178616921	1.79202202120972	2.0000772163934
2.3038346126	-2.5656340004	-14.2510131485181	-23.8128557418893	-14.7601172785516	2.20325328252719	2.28108389469774
2.3038346126	-2.5132741229	-13.4794533533491	-21.0029380253441	-14.3247633703733	2.47640511898645	2.55243564056697
2.3038346126	-2.4609142453	-12.8472939201876	-19.4104355946474	-13.9299172815035	2.70556947836896	2.79820752124272
2.3038346126	-2.4085543678	-12.494248077001	-18.761849055904	-13.6643278740924	2.93212245114168	3.00655573915972
2.3038346126	-2.3561944902	-12.46322800203	-18.8380146264292	-13.600693764536	-3.09693759711673	-3.10871178792115
2.3038346126	-2.3038346126	-12.7001664160839	-19.330023338429	-13.7640869913552	-2.78971327965908	-2.98155992880806
2.3038346126	-2.2514747351	-13.0800170886907	-19.8019682657776	-14.1187156005117	-2.41871675977263	-2.89575139430421
2.3038346126	-2.1991148575	-13.3989448867882	-19.7483631920735	-14.5440351218793	-2.01589213069949	-2.85371341944798
2.3038346126	-2.14675498	-13.4713957735085	-19.0540538139137	-14.8771597050598	-1.64486919350241	-2.85491542377141
2.3038346126	-2.0943951024	-13.1828878212182	-18.0153390509532	-14.9135018719325	-1.345697300607	-2.89105045521532
2.3038346126	-2.0420352248	-12.5705388550353	-16.929749081735	-14.5531015801726	-1.12040210829659	-2.94199727875216
2.3038346126	-1.9896753473	-11.7675875317062	-15.9636856464096	-13.8473926502039	-0.958062841485417	-2.98568970035479
2.3038346126	-1.9373154697	-10.9204843106579	-15.1990432892015	-12.9504003806915	-0.848502206219113	-3.00974550796925
2.3038346126	-1.8849555922	-10.1401556220295	-14.6874735050118	-12.0174982591137	-0.784247396449901	-3.01258665470979
2.3038346126	-1.8325957146	-9.4760229437036	-14.4485949522214	-11.1396519170071	-0.762632410110805	-2.99828314639916
2.3038346126	-1.780235837	-8.92591538383278	-14.4638091138847	-10.3489116435556	-0.783528975042753	-2.97163824396163
2.3038346126	-1.7278759595	-8.45414441622113	-14.6529074858877	-9.64573206056535	-0.849628226050414	-2.9366653680512
2.3038346126	-1.6755160819	-7.99607003009502	-14.8475092110387	-9.00043424882973	-0.963329597985722	-2.89658663000431
2.3038346126	-1.6231562044	-7.49492678363138	-14.8147629167124	-8.38527030861378	-1.1185717233815	-2.85405938279491
2.3038346126	-1.5707963268	-6.9170524618024	-14.3753355148959	-7.77650125502723	-1.29372587588291	-2.81202310005565
2.3038346126	-1.5184364492	-6.2562113014423	-13.5142687400258	-7.16073530516825	-1.46400679989142	-2.77273239055928
2.3038346126	-1.4660765717	-5.53479904409557	-12.3797690483319	-6.5408480663239	-1.61572859706284	-2.73856898837185
2.3038346126	-1.4137166941	-4.78024596688423	-11.1267483150817	-5.92621631436011	-1.7501507032141	-2.7118378738708
2.3038346126	-1.3613568166	-4.01947166014153	-9.85746314310955	-5.33147556348972	-1.87396325438134	-2.69372623386411
2.3038346126	-1.308996939	-3.27340117774491	-8.61802130337745	-4.77370858868362	-1.99173178693179	-2.68398865872826
2.3038346126	-1.2566370614	-2.55321890327594	-7.43677512205736	-4.25903098562036	-2.10451373805298	-2.68174228706191
2.3038346126	-1.2042771839	-1.86900750108988	-6.33830771473656	-3.78913000302475	-2.21164202798146	-2.68486294885734
2.3038346126	-1.1519173063	-1.22699579457957	-5.34210980740492	-3.35730759692451	-2.3117095740811	-2.69032017484833
2.3038346126	-1.0995574288	-0.628045156567877	-4.46598048460133	-2.94346913389666	-2.40481246942329	-2.69570727633554
2.3038346126	-1.0471975512	-0.0697113285026027	-3.71437388549698	-2.52660827249927	-2.49238643919998	-2.69942202437996
2.3038346126	-0.9948376736	0.460315783163607	-3.07844037682631	-2.07891184870435	-2.57513672799369	-2.7019799616163
2.3038346126	-0.9424777961	0.973773123238812	-2.54370206748666	-1.58243505990462	-2.65348800238255	-2.70622671936279
2.3038346126	-0.8901179185	1.4820924621828	-2.09139394104279	-1.02974156293746	-2.72661063047094	-2.71662371393446
2.3038346126	-0.837758041	1.98418650748668	-1.71111122699825	-0.434582903568668	-2.79299851428682	-2.73806751689678
2.3038346126	-0.7853981634	2.47237231673773	-1.39495695008009	0.177531318217004	-2.85088940892158	-2.77409524152379
2.3038346126	-0.7330382858	2.93161209210392	-1.13746608934049	0.77189747513933	-2.90009752746791	-2.82612077712078
2.3038346126	-0.6806784083	3.34208731473995	-0.930497673808243	1.30860774196848	-2.9415775920957	-2.89348476607818
2.3038346126	-0.6283185307	3.6886787110496	-0.759595114016138	1.75682115006038	-2.97847146066811	-2.97391923902964
2.3038346126	-0.5759586532	3.95897153677022	-0.599905576361649	2.08786684579234	-3.01503145429056	-3.06503124351944
2.3038346126	-0.5235987756	4.14730493284979	-0.433144595012071	2.28777373721595	-3.05633721469527	3.11894472000506
2.3038346126	-0.47123889804	4.24501948904974	-0.245762183041996	2.33679507909223	-3.10639360951059	3.01363612137368
2.3038346126	-0.41887902048	4.25896274097306	-0.040605772271618	2.24151701464775	3.11560855306682	2.90380906455682
2.3038346126	-0.36651914292	4.1918568804539	0.163129316497117	2.00594583504828	3.04290052997644	2.79064470584639
2.3038346126	-0.31415926536	4.05879555065631	0.333394302042762	1.66232817384528	2.95976802884988	2.67595075600049
2.3038346126	-0.2617993878	3.86762755873834	0.450518137982847	1.22927313157743	2.86777939613358	2.56059589193829
2.3038346126	-0.20943951024	3.62960720167502	0.47588464853843	0.758144440651432	2.76811814224836	2.44730024775524
2.3038346126	-0.15707963268	3.36503682436502	0.414915020059224	0.293713124238553	2.66263837826026	2.33759962578028
2.3038346126	-0.10471975512	3.09344953746493	0.275395275052705	-0.118001845513928	2.55297207853471	2.23266633180597
2.3038346126	-0.05235987756	2.84118106422385	0.0827296256538893	-0.436476140967252	2.44195900269632	2.1318478147359
2.3038346126	-4.4408920985E-16	2.63650715420072	-0.135133788249967	-0.626333446520448	2.33277924089861	2.03276165678662
2.3038346126	0.05235987756	2.50176453419681	-0.351015729563275	-0.671984114595944	-0.913342169361701	-1.20981267023598
2.3038346126	0.10471975512	2.45086710644398	-0.54502950577237	-0.573884122200265	-1.01215187843409	-1.31581617607345
2.3038346126	0.15707963268	2.48574487638785	-0.703505460609774	-0.352687442139494	-1.10705174209924	-1.42847216061369
2.3038346126	0.20943951024	2.5999373920412	-0.811852841851049	-0.0428680420023552	-1.20191189466113	-1.54720802062799
2.3038346126	0.2617993878	2.77407097191555	-0.858740915617648	0.308137309512158	-1.3018526743078	-1.67017686747666
2.3038346126	0.31415926536	2.98718654430403	-0.8335253168793	0.659591200962739	-1.41084113235691	-1.79455228198932
2.3038346126	0.36651914292	3.20538198097229	-0.732281276918168	0.958845419067771	-1.53042193886013	-1.91820553047407
2.3038346126	0.41887902048	3.3949524692633	-0.567373234951756	1.16504464351751	-1.65930098479853	-2.03991907008666
2.3038346126	0.47123889804	3.53924164205397	-0.360506749137053	1.26682967764808	-1.79468874877714	-2.15817567990848
2.3038346126	0.5235987756	3.61073956360093	-0.145098998411665	1.236550257207	-1.93336351891086	-2.27343016626125
2.3038346126	0.5759586532	3.60095316442959	0.0468622643333354	1.0738691962467	-2.07292928652436	-2.3863179163124
2.3038346126	0.6283185307	3.50872150320057	0.191099602558653	0.785426128091521	-2.21118665044166	-2.49807329269785
2.3038346126	0.6806784083	3.34067502661882	0.269460736352391	0.39044682098136	-2.34611736815566	-2.6101255145017
2.3038346126	0.7330382858	3.10623079978301	0.269415082152884	-0.0847728246128203	-2.47548186109975	-2.72402451768792
2.3038346126	0.7853981634	2.81297961788465	0.177516343173081	-0.607591301156623	-2.59719086128547	-2.84053115792812
2.3038346126	0.837758041	2.46390712437266	-0.0195670006144287	-1.14606405309034	-2.7098638896337	-2.95950406539439
2.3038346126	0.8901179185	2.05724314376729	-0.331754295848054	-1.67832274529187	-2.812909863303	-3.07932973277701
2.3038346126	0.9424777961	1.58882926413097	-0.758801437755534	-2.20378289950572	-2.9067777469017	3.08575814383217
2.3038346126	0.9948376736	1.05770081773238	-1.28814640034099	-2.73740009392087	-2.99246183365575	2.97193788272793
2.3038346126	1.0471975512	0.467843685668142	-1.89226816744789	-3.30742000829538	-3.07032239593278	2.86363473249046
2.3038346126	1.0995574288	-0.173564428986966	-2.53939536136166	-3.94091842622657	-3.14021690094233	2.76096934962305
2.3038346126	1.1519173063	-0.853786256775337	-3.19894984126591	-4.64984178873972	3.08233101176998	2.66228551221188
2.3038346126	1.2042771839	-1.55825762613282	-3.85322900473817	-5.42539963330231	3.03257372220713	2.56571067344879
2.3038346126	1.2566370614	-2.270421566524	-4.49901335425392	-6.23470915831461	2.99453705326789	2.46906068233498
2.3038346126	1.308996939	-2.97431996246571	-5.14126643013352	-7.03219695591813	2.96743453617968	2.37097172933731
2.3038346126	1.3613568166	-3.65615784435236	-5.78677571925046	-7.77078850337921	2.94853070960542	2.27167407118265
2.3038346126	1.4137166941	-4.30378834755134	-6.43209368777617	-8.42207316909713	2.93373029294815	2.17167124482215
2.3038346126	1.4660765717	-4.90338884132304	-7.05658636380124	-8.98260200332609	2.91865140447433	2.07256747713686
2.3038346126	1.5184364492	-5.44469069811776	-7.63340295451325	-9.46913993988881	2.89990800555391	1.97627401426758
2.3038346126	1.5707963268	-5.91881002556499	-8.1311435432789	-9.90745746133543	2.87607868020968	1.88467115908416
2.3038346126	1.6231562044	-6.3208716738559	-8.53449786560625	-10.3075739353244	2.84865183671887	1.80205957276471
2.3038346126	1.6755160819	-6.65761628447047	-8.84591736140325	-10.6826930888365	2.81957942072236	1.73484273654399
2.3038346126	1.7278759595	-6.9348317140006	-9.07685062691571	-11.0315200644816	2.79187421529172	1.6907343801482
2.3038346126	1.780235837	-7.16677583319216	-9.25459709396901	-11.3498559885622	2.76723007939372	1.67652981184078
2.3038346126	1.8325957146	-7.35225639506003	-9.38261396964403	-11.6300745064241	2.74675620718999	1.69495257432871
2.3038346126	1.8849555922	-7.49768647331644	-9.46665805323125	-11.8804895085926	2.73170246788603	1.74304601610553
2.3038346126	1.9373154697	-7.61386770475781	-9.51667399405416	-12.1144864770493	2.72330757350604	1.81238984388046
2.3038346126	1.9896753473	-7.73604310338032	-9.55845256296786	-12.3868142496188	2.72379555061948	1.8927969762297
2.3038346126	2.0420352248	-7.92400243395546	-9.64875192281753	-12.7684572934981	2.73474687870971	1.97601935162908
2.3038346126	2.0943951024	-8.24169942130962	-9.85392047814905	-13.326498207319	2.75617814384202	2.05726156778024
2.3038346126	2.14675498	-8.75643074036349	-10.2559033822089	-14.1030745399946	2.78564275632694	2.13418028735847
2.3038346126	2.1991148575	-9.51561422250271	-10.9218071883234	-15.0971499761803	2.81880796911465	2.20360631076799
2.3038346126	2.2514747351	-10.5456564883556	-11.9062987163713	-16.2486337491196	2.84734439722619	2.25552537944607
2.3038346126	2.3038346126	-11.8419561100667	-13.2309971582284	-17.4686735008829	2.85817653359357	2.27267152848707
2.3038346126	2.3561944902	-13.3380761847626	-14.8869053650444	-18.5673079823807	2.83030373591512	2.22783099906291
2.3038346126	2.4085543678	-14.8033747292187	-16.7503072567738	-19.2248689112596	2.73636666018558	2.10268268286162
2.3038346126	2.4609142453	-15.7628981461607	-18.4973329169389	-19.0677820722277	2.55678613238193	1.92027337095755
2.3038346126	2.5132741229	-15.8113589584119	-19.7156244102358	-18.0806682120045	2.31772563206131	1.74688504782905
2.3038346126	2.5656340004	-15.1790282969947	-20.4656295657604	-16.7035042211134	2.09317483846581	1.63030788030566
2.3038346126	2.617993878	-14.4285106089934	-21.4654727244301	-15.3858751499847	1.92740559390261	1.5737698630007
2.3038346126	2.6703537556	-13.8652270350808	-23.689778090771	-14.3427410982887	1.80728113163132	1.56266824713743
2.3038346126	2.7227136331	-13.5127283265812	-28.9699998980436	-13.6381325835234	1.67253307847733	1.58255539990175
2.3038346126	2.7750735107	-13.2677116902669	-43.9303847914322	-13.27144164435	-0.279228298715109	1.6219744850468
2.3038346126	2.8274333882	-13.0343645587873	-27.1277766543573	-13.2069660707102	-1.25285349782911	1.67119327695897
2.3038346126	2.8797932658	-12.8374880633148	-21.9375996921864	-13.407609568535	-1.32857631616164	1.72112146527895
2.3038346126	2.9321531434	-12.7940455770338	-19.5278205261325	-13.8295548998598	-1.35333956151429	1.76385473000382
2.3038346126	2.9845130209	-13.027325823437	-18.6327701015523	-14.4244119390144	-1.34977361580136	1.79394635792566
2.3038346126	3.0368728985	-13.6190661364692	-18.8748487469382	-15.1565675529669	-1.31064665248724	1.81188667753119
2.3038346126	3.089232776	-14.5700917736911	-20.1253359082019	-15.986379661022	-1.2116931866753	1.82592039090952
2.3038346126	3.1415926536	-15.8282937994557	-22.257706830442	-16.9495365799116	-1.00297300663975	1.85443278303425
2.3561944902	-3.1415926536	-15.8288778839545	-21.4972002573117	-17.2023406353189	2.11380361417178	-1.29537324209811
2.3561944902	-3.089232776	-17.3451620752324	-24.0337817026415	-18.3929106230324	2.48571270890613	-1.22988559494413
2.3561944902	-3.0368728985	-18.9098976618616	-25.5296482357605	-19.9766278502483	3.0409836442901	-1.075922817745
2.3561944902	-2.9845130209	-20.2885144992669	-25.3693492569915	-21.9025186176699	-2.72758850386424	-0.76136474700549
2.3561944902	-2.9321531434	-21.0447630802191	-25.2174396851026	-23.139018586734	-2.3610939089781	-0.217439054945118
2.3561944902	-2.8797932658	-20.6771122029428	-26.1827055021346	-22.1126966688952	-2.06643518974781	0.398008985303226
2.3561944902	-2.8274333882	-19.4011135427739	-28.8452179356007	-19.9250868523004	-1.76504265831886	0.85408339735323
2.3561944902	-2.7750735107	-17.9665906826669	-34.7645630176136	-18.0583322341736	-1.33834869828618	1.18375602517361
2.3561944902	-2.7227136331	-16.7971720626071	-42.7784191069818	-16.8081420971002	0.82854453931721	1.46492624906249
2.3561944902	-2.6703537556	-15.9241334045573	-30.7080872266166	-16.070927284472	1.82777428308998	1.7383085007344
2.3561944902	-2.617993878	-15.2097698642789	-25.2578080714514	-15.6620398441113	2.18029170769016	2.01902756552499
2.3561944902	-2.5656340004	-14.5685804970665	-22.0288233640884	-15.4276005325358	2.45379242641648	2.30563119895328
2.3561944902	-2.5132741229	-14.03941594449	-20.1091268756592	-15.2725556137823	2.7002732637246	2.58365761206893
2.3561944902	-2.4609142453	-13.7597027923098	-19.2018580967316	-15.2203933449373	2.94911682366846	2.83715250772181
2.3561944902	-2.4085543678	-13.8202102670179	-19.1122271610639	-15.3424108236609	-3.05027885225745	3.05408913703267
2.3561944902	-2.3561944902	-14.2121017044703	-19.5257007536428	-15.7252744379023	-2.69293567114972	-3.0571924047965
2.3561944902	-2.3038346126	-14.7503835384931	-19.7700180081074	-16.3922184001357	-2.24260186272666	-2.93921298864281
2.3561944902	-2.2514747351	-15.0898418051493	-19.1075264680518	-17.2829924697311	-1.76208651985554	-2.88937648581756
2.3561944902	-2.1991148575	-14.875193043163	-17.6515319675993	-18.1327791162282	-1.3583599110947	-2.92553073851996
2.3561944902	-2.14675498	-14.0835588232303	-16.0589742016905	-18.4551509119564	-1.06099529145325	-3.04425614226397
2.3561944902	-2.0943951024	-12.9672203809172	-14.6819217562491	-17.8323571797785	-0.84523446748109	3.09389874016619
2.3561944902	-2.0420352248	-11.7786232065394	-13.5858173504416	-16.4587265033766	-0.686233814705547	2.99391966018131
2.3561944902	-1.9896753473	-10.6628186414087	-12.765797154024	-14.8214551523097	-0.569430372531061	2.95889111674657
2.3561944902	-1.9373154697	-9.68762025307784	-12.2053856833066	-13.2535444569259	-0.486983986348393	2.9716654378784
2.3561944902	-1.8849555922	-8.88065555976337	-11.8976304842938	-11.8842907919837	-0.434963359495204	3.01131258078194
2.3561944902	-1.8325957146	-8.24233695352989	-11.8561061946653	-10.7228830436998	-0.412141404830799	3.06401683242846
2.3561944902	-1.780235837	-7.74779485166809	-12.0688038223493	-9.75261304079584	-0.419487366885208	3.12177661939807
2.3561944902	-1.7278759595	-7.34792842479538	-12.494345072141	-8.9327337343154	-0.462139885635352	-3.10259759914687
2.3561944902	-1.6755160819	-6.98081096371664	-13.0370215633139	-8.21839269468691	-0.547805105038923	-3.04466648425299
2.3561944902	-1.6231562044	-6.58260979333994	-13.5130974855207	-7.56664001897055	-0.683695736003162	-2.98882704726579
2.3561944902	-1.5707963268	-6.11112910742212	-13.6802786960008	-6.94668930942704	-0.86609981058022	-2.93634247836591
2.3561944902	-1.5184364492	-5.55409912519053	-13.3529450362337	-6.34245319044763	-1.074271310766	-2.88881149144995
2.3561944902	-1.4660765717	-4.92312238539023	-12.5462542542175	-5.74731606744098	-1.28185717298204	-2.84865078948153
2.3561944902	-1.4137166941	-4.24725104465035	-11.4209539635397	-5.17154327004994	-1.47216530737486	-2.81783464587362
2.3561944902	-1.3613568166	-3.55881227453748	-10.1526344903955	-4.63278903001673	-1.64343371816935	-2.79730737452893
2.3561944902	-1.308996939	-2.87798510737152	-8.84900424626802	-4.14402598634704	-1.7986975573227	-2.78712207514267
2.3561944902	-1.2566370614	-2.22227855865432	-7.57282701301495	-3.72014207526861	-1.93997894040944	-2.78576771215583
2.3561944902	-1.2042771839	-1.59896778228784	-6.37181930959299	-3.35906111468202	-2.06863060172636	-2.78990369063294
2.3561944902	-1.1519173063	-1.01562361949667	-5.27614186325966	-3.05632496973023	-2.18558281398793	-2.79565182591038
2.3561944902	-1.0995574288	-0.47679021495432	-4.30984116937499	-2.79565748652399	-2.29262381288542	-2.79868009605762
2.3561944902	-1.0471975512	0.0227609221372063	-3.47750683067474	-2.54728744909003	-2.39271466561806	-2.79550219679973
2.3561944902	-0.9948376736	0.496360996768764	-2.76884976195919	-2.27316434817411	-2.48777551896638	-2.78569577925528
2.3561944902	-0.9424777961	0.962096841940592	-2.16535502771809	-1.93412856987591	-2.57868179500902	-2.77189815368015
2.3561944902	-0.8901179185	1.43577135121458	-1.6468871538232	-1.50335590458347	-2.66448420489302	-2.76040184899831
2.3561944902	-0.837758041	1.92335221326078	-1.20042306962513	-0.976362033688106	-2.74315373144533	-2.75880062449528
2.3561944902	-0.7853981634	2.41212798876841	-0.824299301812511	-0.383238155743779	-2.81264448446456	-2.77395360687114
2.3561944902	-0.7330382858	2.88416987427034	-0.516464611713261	0.231996881761719	-2.87185013942047	-2.8093427387845
2.3561944902	-0.6806784083	3.31703634274442	-0.273361833353395	0.818400633021985	-2.92177079343599	-2.86486813430264
2.3561944902	-0.6283185307	3.69387342003351	-0.0817736612847161	1.33403831816896	-2.96544100073915	-2.93831024546019
2.3561944902	-0.5759586532	4.0000228467211	0.0786680374166456	1.74240296909694	-3.00720751664786	-3.02612829780841
2.3561944902	-0.5235987756	4.22010097713692	0.240515097410115	2.00173733856206	-3.0525029346631	-3.12481106767886
2.3561944902	-0.47123889804	4.34764788543776	0.404603095331814	2.10475334173866	-3.10546702144746	3.05121698055579
2.3561944902	-0.41887902048	4.38105273831162	0.57468106782773	2.04326044638692	3.11421185698258	2.93768677413599
2.3561944902	-0.36651914292	4.32796721654034	0.74588625511842	1.82285200633714	3.03954979105064	2.81930371374659
2.3561944902	-0.31415926536	4.19151104139869	0.885396843874369	1.45815482138759	2.95455823544373	2.69738061375964
2.3561944902	-0.2617993878	3.98859886090194	0.966980601965353	0.989587786187313	2.86084749064054	2.57408323778197
2.3561944902	-0.20943951024	3.73159462960171	0.963913585549293	0.464315654641513	2.76000602437845	2.45219478409686
2.3561944902	-0.15707963268	3.43714744576851	0.867299710018105	-0.0633688789978138	2.65297149784186	2.33439685269779
2.3561944902	-0.10471975512	3.13499210722774	0.69844524895758	-0.536567513066607	2.54217571943982	2.22289242581239
2.3561944902	-0.05235987756	2.85674882706432	0.483363405647436	-0.900194969093611	2.42976544106833	2.11737919098026
2.3561944902	-4.4408920985E-16	2.63687603205569	0.256029107401907	-1.10982783262957	2.31876780926265	2.01538654097731
2.3561944902	0.05235987756	2.50307240929305	0.0468113186374467	-1.14242614930663	-0.930080159864133	-1.22920709218562
2.3561944902	0.10471975512	2.47167351999648	-0.121093042053636	-1.00061341043544	-1.03329848442784	-1.337765277877
2.3561944902	0.15707963268	2.54224320092113	-0.233598568862075	-0.715898352691954	-1.13480836409022	-1.45390327896376
2.3561944902	0.20943951024	2.70221210779888	-0.280035675666419	-0.336322396701462	-1.23911730553932	-1.57716318438104
2.3561944902	0.2617993878	2.9261274124554	-0.253357562952591	0.0786680374166456	-1.35106645425247	-1.70518146373683
2.3561944902	0.31415926536	3.18134404509668	-0.150368978990803	0.470300356419751	-1.47361821154836	-1.83502944173945
2.3561944902	0.36651914292	3.43511062229508	0.0230096040354961	0.792565522993731	-1.60687846361358	-1.96384614048867
2.3561944902	0.41887902048	3.65258204960846	0.25801747196045	0.99529347253641	-1.74810585103039	-2.09058395020627
2.3561944902	0.47123889804	3.80681167937248	0.512301271933632	1.06325982936294	-1.89350084126452	-2.21426202782845
2.3561944902	0.5235987756	3.87752917335866	0.750747195979298	0.980668507285161	-2.03989939718203	-2.33528654610309
2.3561944902	0.5759586532	3.85718938094243	0.943872930866098	0.747690586792956	-2.18460140144351	-2.45451392284596
2.3561944902	0.6283185307	3.74599675472693	1.06574437056569	0.378488593988861	-2.32598031740622	-2.57337288995801
2.3561944902	0.6806784083	3.54984339294303	1.10017943363647	-0.104345634904324	-2.46261379301842	-2.69347049532479
2.3561944902	0.7330382858	3.27894724148711	1.03764272286292	-0.666450517289698	-2.5924375112738	-2.81639350175722
2.3561944902	0.7853981634	2.93699026435032	0.86447833474067	-1.27100673570781	-2.7135791339801	-2.94303929677943
2.3561944902	0.837758041	2.53259381431303	0.580507543639448	-1.87980403420544	-2.82504792923477	-3.07295143650889
2.3561944902	0.8901179185	2.05139884300887	0.159983806222978	-2.47001506486669	-2.9255006608635	3.07870630699378
2.3561944902	0.9424777961	1.49689197322956	-0.386343136279176	-3.03955022537724	-3.01548702411693	2.94826008636503
2.3561944902	0.9948376736	0.867994155831119	-1.04801547687972	-3.60871299438681	-3.09558944376802	2.82099195545047
2.3561944902	1.0471975512	0.172803749784204	-1.79876834114046	-4.20546941995956	3.11700058815506	2.69812230366832
2.3561944902	1.0995574288	-0.576714538392719	-2.60249715834364	-4.86221945533945	3.05625060780028	2.57907864823482
2.3561944902	1.1519173063	-1.36372664884989	-3.42363214691686	-5.59241578599361	3.00646839705066	2.46179719776362
2.3561944902	1.2042771839	-2.16924896150155	-4.23619182027484	-6.38636745031181	2.96892049397897	2.34424638911951
2.3561944902	1.2566370614	-2.97120300909262	-5.02605798360292	-7.20822673120106	2.94447691793049	2.22447869685171
2.3561944902	1.308996939	-3.75091807492273	-5.7929689399497	-8.00918737069117	2.93158789148343	2.1024184116418
2.3561944902	1.3613568166	-4.49059644728724	-6.53897328804118	-8.73834837362144	2.92770876305278	1.97913539498473
2.3561944902	1.4137166941	-5.17479067258852	-7.26143260505145	-9.35978206758459	2.92811126458583	1.85668200599589
2.3561944902	1.4660765717	-5.78647087784533	-7.94343510678945	-9.85982155325568	2.92797198915349	1.73782750619439
2.3561944902	1.5184364492	-6.31634602623408	-8.55973810818147	-10.2586549823781	2.92325788939936	1.62493586774371
2.3561944902	1.5707963268	-6.75504888269927	-9.08525746655876	-10.5720779600546	2.91164929872419	1.52071986551148
2.3561944902	1.6231562044	-7.11129468189996	-9.50703727622315	-10.8376803643643	2.89293277883418	1.42967248502837
2.3561944902	1.6755160819	-7.39680456533574	-9.82297308744226	-11.0821947331755	2.86874505567851	1.35822699192289
2.3561944902	1.7278759595	-7.6315073282156	-10.0444859026031	-11.3345867315865	2.84094144259264	1.31406571177893
2.3561944902	1.780235837	-7.8328758946385	-10.1884558819175	-11.6144249908085	2.81115554204917	1.30399987337363
2.3561944902	1.8325957146	-7.99818596908002	-10.255258659651	-11.9203435218934	2.78080184383841	1.33184514752107
2.3561944902	1.8849555922	-8.10785877038836	-10.2377393502612	-12.2236539245295	2.75257661857456	1.39663525369587
2.3561944902	1.9373154697	-8.15555338616484	-10.1428313422938	-12.5066254755666	2.73087568622489	1.49086537817317
2.3561944902	1.9896753473	-8.15819142416941	-9.99989113414536	-12.7722029851898	2.71967594369272	1.60325771169383
2.3561944902	2.0420352248	-8.17499853008395	-9.87314716090133	-13.0745275267119	2.72241903126417	1.72280512003769
2.3561944902	2.0943951024	-8.27948456746556	-9.83994409274641	-13.4816954702778	2.73935057187611	1.84294117284405
2.3561944902	2.14675498	-8.55211808359862	-9.98671958963935	-14.060221600235	2.76829810374336	1.96170530828352
2.3561944902	2.1991148575	-9.04560810345183	-10.3752797468059	-14.833893565456	2.80438804358285	2.07847354265861
2.3561944902	2.2514747351	-9.79129074357518	-11.052106462409	-15.7777849388027	2.84110972263686	2.18797155097986
2.3561944902	2.3038346126	-10.7950811568803	-12.0384534249056	-16.8337765129192	2.86832981439552	2.2742849125326
2.3561944902	2.3561944902	-12.0354995838077	-13.3286076179901	-17.9275178745009	2.87244367247673	2.30888690533066
2.3561944902	2.4085543678	-13.4205306417327	-14.8702475997437	-18.8902550028585	2.83708175857443	2.25420999640559
2.3561944902	2.4609142453	-14.7131969578237	-16.554451500718	-19.328051501491	2.74766033456411	2.09213514423115
2.3561944902	2.5132741229	-15.4761483589499	-18.2069793669064	-18.7851455526092	2.60577702818327	1.87299653178959
2.3561944902	2.5656340004	-15.4386375893158	-19.7885681979624	-17.4265780355253	2.43979417464545	1.69184949130506
2.3561944902	2.617993878	-14.8670681357702	-21.6314639781634	-15.8943692067855	2.29438240091479	1.58964696094769
2.3561944902	2.6703537556	-14.2185872614503	-24.6387804073814	-14.6318879805896	2.20593870658371	1.55394077969124
2.3561944902	2.7227136331	-13.7014322921973	-31.3114298833414	-13.7773908913265	2.2666176153392	1.56317068045161
2.3561944902	2.7750735107	-13.3279773959097	-36.8470568238003	-13.3473346554016	-1.76716875665858	1.60074550789437
2.3561944902	2.8274333882	-13.0321472158191	-25.5088370207449	-13.2848974427397	-1.40531906109438	1.65392989330669
2.3561944902	2.8797932658	-12.8150829698632	-21.0390019530007	-13.5235760019692	-1.37788782548207	1.71126424798484
2.3561944902	2.9321531434	-12.7648488005756	-18.8287659040245	-13.9998925857568	-1.37280095128766	1.76180301883986
2.3561944902	2.9845130209	-12.9893445743186	-17.9768811868298	-14.6460060875247	-1.35871811118019	1.79715409638344
2.3561944902	3.0368728985	-13.573606995285	-18.1993820734944	-15.4091064736244	-1.31718341784439	1.81531749722728
2.3561944902	3.089232776	-14.5339801201144	-19.40139277834	-16.247580126007	-1.22244796025278	1.82462401834072
2.3561944902	3.1415926536	-15.8288778839545	-21.4972002573117	-17.2023406353189	-1.02778903941801	1.84621941149168
2.4085543678	-3.1415926536	-15.8307449086426	-20.8155296676686	-17.4886850354693	2.09288533926598	-1.30394656932639
2.4085543678	-3.089232776	-17.4182669656599	-23.4179406833065	-18.6746521974293	2.44129400735687	-1.24348045739708
2.4085543678	-3.0368728985	-19.0791678659041	-25.1747432198142	-20.3038483203538	2.97708231121356	-1.08565758322286
2.4085543678	-2.9845130209	-20.5240966999306	-25.2649961922157	-22.3002455315121	-2.79711346837156	-0.74742306987203
2.4085543678	-2.9321531434	-21.2235194346611	-25.3229072002538	-23.3638181364439	-2.45514890026971	-0.162145965049462
2.4085543678	-2.8797932658	-20.6966139812084	-26.6944012928458	-21.9536322546473	-2.22730901553574	0.454239275204725
2.4085543678	-2.8274333882	-19.3275043588325	-30.412710377563	-19.6796750928354	-2.09142318234036	0.885473696208091
2.4085543678	-2.7750735107	-17.8957587780872	-39.7657824237804	-17.9240855781294	-2.44911022234781	1.1985514324608
2.4085543678	-2.7227136331	-16.778733453962	-33.9696136624163	-16.8624624754047	2.18872348532532	1.4714050201692
2.4085543678	-2.6703537556	-15.9917356110861	-26.9249840424667	-16.3569889087907	2.22730391261256	1.74137068341679
2.4085543678	-2.617993878	-15.4332342691004	-23.1534891842063	-16.2374026192287	2.43098588505098	2.02174196303344
2.4085543678	-2.5656340004	-15.0379609524345	-20.8697746519927	-16.3521458368239	2.66791028259221	2.30971636768715
2.4085543678	-2.5132741229	-14.8626165418678	-19.614785929316	-16.6330821171325	2.92534130918471	2.59395692690294
2.4085543678	-2.4609142453	-15.0193156886504	-19.2002052487919	-17.108489686578	-3.06221723712792	2.85727669551452
2.4085543678	-2.4085543678	-15.5319483514513	-19.3492457239648	-17.8619664296672	-2.69180425275185	3.0843959085307
2.4085543678	-2.3561944902	-16.1952377290128	-19.3982605375734	-19.0210049589324	-2.21939202803869	-3.02725538554319
2.4085543678	-2.3038346126	-16.4332771848363	-18.4905668870656	-20.6662798106459	-1.70559725837876	-2.94599700055599
2.4085543678	-2.2514747351	-15.7126533611606	-16.7147401071931	-22.5728567504215	-1.27428690858745	-3.02521059280738
2.4085543678	-2.1991148575	-14.2768046297429	-14.8416590802595	-23.4146487498019	-0.960432241004001	2.96209694798072
2.4085543678	-2.14675498	-12.6972983111309	-13.2810354582619	-21.7015679949015	-0.732849380589829	2.65117739624085
2.4085543678	-2.0943951024	-11.2670157927579	-12.0969421215434	-18.8628204499175	-0.561202377121966	2.53159254504999
2.4085543678	-2.0420352248	-10.0502901572965	-11.2448625182749	-16.2396126332856	-0.427896071470706	2.54680809923629
2.4085543678	-1.9896753473	-9.03085937498147	-10.6653029460657	-14.0666253976517	-0.324751876404032	2.62230873296298
2.4085543678	-1.9373154697	-8.18909169231873	-10.3301841722094	-12.2872334923591	-0.248245059137268	2.7206149588074
2.4085543678	-1.8849555922	-7.50690485568891	-10.2262564484373	-10.8290533249213	-0.195963349463442	2.82327457741279
2.4085543678	-1.8325957146	-6.9717059751847	-10.3670094727067	-9.62837110225704	-0.167534846567458	2.9216453310245
2.4085543678	-1.780235837	-6.55153834212143	-10.7516005928023	-8.62891013975386	-0.164491117071296	3.01209269031513
2.4085543678	-1.7278759595	-6.20805066637713	-11.3667838957683	-7.78744291758153	-0.192387121437165	3.09360498198399
2.4085543678	-1.6755160819	-5.88934601484094	-12.157053273702	-7.05939295006044	-0.261516333828542	-3.11650209106075
2.4085543678	-1.6231562044	-5.53920975131515	-12.9775111386701	-6.40304351790988	-0.385263500198178	-3.05099142530054
2.4085543678	-1.5707963268	-5.12157351015705	-13.5817345022742	-5.78951319281543	-0.572370588451676	-2.9927027059803
2.4085543678	-1.5184364492	-4.62121600770354	-13.664103599702	-5.19942564373912	-0.811313214813422	-2.94230578428498
2.4085543678	-1.4660765717	-4.04980392191665	-13.0870793014444	-4.62881336815444	-1.06698455839518	-2.90107714131609
2.4085543678	-1.4137166941	-3.43470235335786	-11.9874871124031	-4.08743247599473	-1.30473950949793	-2.87094573681516
2.4085543678	-1.3613568166	-2.80563407717852	-10.6209859555325	-3.59071018846314	-1.51200061376814	-2.85274258532057
2.4085543678	-1.308996939	-2.18719789641151	-9.17058916461244	-3.15787665326594	-1.69105856380946	-2.84677405236278
2.4085543678	-1.2566370614	-1.59528992164335	-7.74617695497839	-2.80210257907069	-1.84678380826661	-2.8510219276779
2.4085543678	-1.2042771839	-1.03993446896488	-6.41343092434261	-2.52838215587238	-1.9833265847287	-2.86237413693419
2.4085543678	-1.1519173063	-0.528604846280304	-5.20971174134412	-2.33528115339607	-2.10481105496297	-2.8757307864482
2.4085543678	-1.0995574288	-0.0677507094942042	-4.15776460658373	-2.21403046559666	-2.21558856421618	-2.88591085887654
2.4085543678	-1.0471975512	0.346379605101937	-3.25736938545253	-2.14190119540544	-2.31945616904878	-2.88767540017728
2.4085543678	-0.9948376736	0.72939920832596	-2.49242595769574	-2.07920126111247	-2.419641757629	-2.87784769203195
2.4085543678	-0.9424777961	1.10687280505713	-1.83730991098469	-1.97056654621609	-2.51712039511171	-2.85670949533811
2.4085543678	-0.8901179185	1.50479332465285	-1.26801009513467	-1.75674596455899	-2.61087771670617	-2.82979103498427
2.4085543678	-0.837758041	1.93603340384773	-0.770701084004185	-1.40065616539698	-2.69793455686828	-2.80672552152548
2.4085543678	-0.7853981634	2.39353910204581	-0.343501398714913	-0.908375240407693	-2.77571099503016	-2.79814302869039
2.4085543678	-0.7330382858	2.85597392749776	0.0108056970963591	-0.325985581478924	-2.84252097535833	-2.81192946743309
2.4085543678	-0.6806784083	3.29705631990273	0.292493232905019	0.281011905403124	-2.89914662696334	-2.85073861568635
2.4085543678	-0.6283185307	3.69447930259073	0.512199623014511	0.849607331153416	-2.9483570302405	-2.91271395581654
2.4085543678	-0.5759586532	4.02107651485702	0.681588941557403	1.31676078264664	-2.99480560945037	-2.99376499597085
2.4085543678	-0.5235987756	4.27081358882944	0.837715210309244	1.64577839788904	-3.04391181459342	-3.08984932275458
2.4085543678	-0.47123889804	4.42743824372109	0.991788780406375	1.80451987888169	-3.10024123947273	3.08588955471214
2.4085543678	-0.41887902048	4.4885254747785	1.14845810020776	1.78471059287767	3.11645334230076	2.96967041795094
2.4085543678	-0.36651914292	4.44878052633248	1.29734470741653	1.57517383212809	3.03909595236977	2.84646060895481
2.4085543678	-0.31415926536	4.31733889686236	1.40919182178082	1.20242526455978	2.95170069780413	2.71806381880841
2.4085543678	-0.2617993878	4.10230743757452	1.45231048737011	0.699086218490639	2.85564622646727	2.58670985266172
2.4085543678	-0.20943951024	3.82614056200487	1.41426624372583	0.121574506229149	2.75280204856236	2.45607128955375
2.4085543678	-0.15707963268	3.50595475725675	1.28454223949565	-0.46906148756828	2.64437992834363	2.32977091667641
2.4085543678	-0.10471975512	3.17447911899571	1.08427448296026	-1.00474264552427	2.53216824578696	2.21113160673366
2.4085543678	-0.05235987756	2.87136895036205	0.846215198291437	-1.4151942841438	2.41852128224503	2.10076002665331
2.4085543678	-4.4408920985E-16	2.63651112002119	0.607781467036783	-1.64403972664667	2.30593317879938	1.99590374587508
2.4085543678	0.05235987756	2.50434896948828	0.405666573943849	-1.66119315010956	-0.945410160499155	-1.25042413174908
2.4085543678	0.10471975512	2.49259993895228	0.265294978556971	-1.47360742719409	-1.05268483750036	-1.36071262595258
2.4085543678	0.15707963268	2.59918844015474	0.200826493814501	-1.12364134338084	-1.16061832352418	-1.47956457350008
2.4085543678	0.20943951024	2.80301488640507	0.215978049973846	-0.676298294783392	-1.27381776364513	-1.60658417920119
2.4085543678	0.2617993878	3.07182985192125	0.312716120560213	-0.20508107606555	-1.39676675321647	-1.73889072414819
2.4085543678	0.31415926536	3.3672701995386	0.488212187654875	0.221638303571104	-1.53148829812478	-1.87318689707591
2.4085543678	0.36651914292	3.6478118037562	0.725134926012101	0.548084421636667	-1.67650626174768	-2.00677124364764
2.4085543678	0.41887902048	3.88246488653268	1.00722116384496	0.732773563993676	-1.82804299001207	-2.13825160144815
2.4085543678	0.47123889804	4.04244659365572	1.29284695529195	0.754791814460267	-1.98146995342283	-2.26720141580919
2.4085543678	0.5235987756	4.10461417373886	1.53425350446005	0.604733283089094	-2.13385528875725	-2.39399574176383
2.4085543678	0.5759586532	4.06642476965311	1.70826104242366	0.288461070464869	-2.28241638600856	-2.51999375270545
2.4085543678	0.6283185307	3.92515034784837	1.78507614999186	-0.174589919835032	-2.42637800222016	-2.64668384117205
2.4085543678	0.6806784083	3.69022385525773	1.75772666564791	-0.756908457872384	-2.5644641336289	-2.77607947946126
2.4085543678	0.7330382858	3.36922402887629	1.61525036407143	-1.41589971859228	-2.69450683518027	-2.91000325303947
2.4085543678	0.7853981634	2.96502557216699	1.34793954802466	-2.10896996950091	-2.81461618086148	-3.04948428436832
2.4085543678	0.837758041	2.48049120176044	0.949052840959442	-2.7895980603165	-2.92336127353888	3.08896973660987
2.4085543678	0.8901179185	1.91420847520232	0.413477951086038	-3.42938643435903	-3.01991053886425	2.94108274081516
2.4085543678	0.9424777961	1.25966386486018	-0.265606946334253	-4.0250477436011	-3.10404324602656	2.79299818987884
2.4085543678	0.9948376736	0.521561736929891	-1.07664416892653	-4.59457875581001	3.10724214402423	2.64735241188216
2.4085543678	1.0471975512	-0.289057491040785	-1.99349554255782	-5.17547118495392	3.04740665439927	2.50545877394802
2.4085543678	1.0995574288	-1.15496226021296	-2.97873952525011	-5.80311123554335	3.00021371137977	2.36612520156643
2.4085543678	1.1519173063	-2.05031788196224	-3.98662259389081	-6.49066478198998	2.9667921293196	2.2273028909118
2.4085543678	1.2042771839	-2.95309584354369	-4.98082808073906	-7.23532237378137	2.94840766718897	2.08651876696074
2.4085543678	1.2566370614	-3.83524147559736	-5.93495454120621	-7.99912526433386	2.94573121008845	1.94220781812008
2.4085543678	1.308996939	-4.66850621542804	-6.83355956854345	-8.72931080374854	2.95711893955296	1.79479602163747
2.4085543678	1.3613568166	-5.43055500415174	-7.67351010693381	-9.37351021925951	2.97893368707166	1.6467197426901
2.4085543678	1.4137166941	-6.1004414906906	-8.44829296109205	-9.89274575492274	3.00578142726329	1.5020258010477
2.4085543678	1.4660765717	-6.66769551483124	-9.15316814952617	-10.2750777248399	3.03147712475524	1.3649189659418
2.4085543678	1.5184364492	-7.12242907555891	-9.76909117683641	-10.5296200506746	3.05047276557453	1.2390546136334
2.4085543678	1.5707963268	-7.47187364118389	-10.2842222504438	-10.6895802517729	3.05883131172326	1.12781959315627
2.4085543678	1.6231562044	-7.74178795290457	-10.698379846144	-10.806468492073	3.05484837167799	1.03430443804802
2.4085543678	1.6755160819	-7.96069942832483	-11.013950750352	-10.928468648442	3.03877678236743	0.963760486926038
2.4085543678	1.7278759595	-8.17023990404091	-11.2507745668306	-11.111422946825	3.01139414545079	0.920754170626556
2.4085543678	1.780235837	-8.39138950405504	-11.4183739975722	-11.3850687765187	2.97351817253224	0.910826650940751
2.4085543678	1.8325957146	-8.61644936488232	-11.4952873456828	-11.7623152329781	2.92681061936814	0.938838804735819
2.4085543678	1.8849555922	-8.81025752915606	-11.4585067472823	-12.215558390585	2.87496660888273	1.00769802698382
2.4085543678	1.9373154697	-8.91944930330564	-11.2846003924904	-12.6877422495312	2.82502461646153	1.11524257969296
2.4085543678	1.9896753473	-8.92384274615201	-10.9960237762727	-13.1323808595044	2.78571927487217	1.25379310826798
2.4085543678	2.0420352248	-8.85849601257735	-10.6689746995419	-13.5322418477986	2.76343295696998	1.41150330361225
2.4085543678	2.0943951024	-8.81141797140712	-10.4021033319683	-13.944512234036	2.76084025013847	1.57780816406768
2.4085543678	2.14675498	-8.87693466427924	-10.2918609489838	-14.4357121820266	2.77535800028509	1.74777939160621
2.4085543678	2.1991148575	-9.12996430758969	-10.4113277869167	-15.0560246665278	2.80222645416662	1.92034584862363
2.4085543678	2.2514747351	-9.60632464603866	-10.8035496757808	-15.787279405577	2.83451949959007	2.09141631737237
2.4085543678	2.3038346126	-10.3211312024072	-11.4866304299012	-16.6035793211331	2.86426207055074	2.24717454581233
2.4085543678	2.3561944902	-11.2653820466918	-12.4529433012679	-17.4769234272522	2.88139551204886	2.35730508292552
2.4085543678	2.4085543678	-12.4138713548686	-13.6723647751891	-18.4072671065372	2.87542527184717	2.38133195305521
2.4085543678	2.4609142453	-13.6796636930256	-15.1072703250071	-19.2056887634815	2.83775682589913	2.27796748588058
2.4085543678	2.5132741229	-14.793083347936	-16.7040208891039	-19.2789520377025	2.76858276358491	2.05053770774771
2.4085543678	2.5656340004	-15.3437303150082	-18.5030910240188	-18.2099163401319	2.68238678533684	1.80259059521945
2.4085543678	2.617993878	-15.1616003587807	-20.7397106788664	-16.5691037674255	2.61230330144614	1.63828315127474
2.4085543678	2.6703537556	-14.5687723475214	-24.0760340137901	-15.0847130867067	2.62099888100056	1.56600363197359
2.4085543678	2.7227136331	-13.9477398280518	-29.821511327465	-14.061524556238	2.95516376733764	1.55734433650316
2.4085543678	2.7750735107	-13.4483532838596	-30.5612590748031	-13.5336141620894	-1.99717256122	1.58838596140614
2.4085543678	2.8274333882	-13.0780385407911	-23.9696010402308	-13.4469685519832	-1.51838509264876	1.64229142097288
2.4085543678	2.8797932658	-12.8285153598014	-20.196563392661	-13.7079632703907	-1.42048007063926	1.70475692530558
2.4085543678	2.9321531434	-12.7612064642086	-18.1863757136339	-14.2287068438062	-1.38947655140217	1.76198567158671
2.4085543678	2.9845130209	-12.9694588622341	-17.3844467720659	-14.9200759497894	-1.36549149287089	1.80190932666752
2.4085543678	3.0368728985	-13.5363829666536	-17.5905254364726	-15.7057473981052	-1.32181122493174	1.81965084210311
2.4085543678	3.089232776	-14.4990239909262	-18.7484674287644	-16.5463817665999	-1.23113872988472	1.82349961246841
2.4085543678	3.1415926536	-15.8307449086426	-20.8155296676686	-17.4886850354693	-1.04870731432382	1.8376460842634
2.4609142453	-3.1415926536	-15.8303458351806	-20.2023519497396	-17.8055227747212	2.07478303783393	-1.31334610453481
2.4609142453	-3.089232776	-17.4829498348346	-22.8512070293502	-18.9735410751478	2.40235786985954	-1.25848688550945
2.4609142453	-3.0368728985	-19.2421525023913	-24.8146718065092	-20.651797897476	2.91903423048134	-1.09673591719431
2.4609142453	-2.9845130209	-20.7362141671599	-25.0889410478671	-22.7225322076142	-2.86331768766377	-0.733618458257243
2.4609142453	-2.9321531434	-21.3248547197087	-25.2377374688887	-23.588259931409	-2.55075145930757	-0.105624589579873
2.4609142453	-2.8797932658	-20.5883964263459	-26.7192111049116	-21.8016584541672	-2.4044920146959	0.508126340403209
2.4609142453	-2.8274333882	-19.1117171895202	-30.2824882296566	-19.4567369707266	-2.49057783285777	0.914820080152919
2.4609142453	-2.7750735107	-17.6971801466642	-33.3789593073527	-17.8161789931804	3.04916695531615	1.20985933360312
2.4609142453	-2.7227136331	-16.6649761783039	-28.583337282278	-16.9535775304077	2.46009703521062	1.47070726587797
2.4609142453	-2.6703537556	-16.0240065080803	-24.317305419118	-16.7203203680146	2.46076719991748	1.73134693192032
2.4609142453	-2.617993878	-15.6987521161915	-21.644836809954	-16.9732647371298	2.63139533447191	2.00401250751128
2.4609142453	-2.5656340004	-15.6359077244162	-20.0385951675173	-17.5935143602257	2.86935002139791	2.28758691225696
2.4609142453	-2.5132741229	-15.8766057109085	-19.2503239162866	-18.5515639730573	-3.12534637645695	2.57225379925756
2.4609142453	-2.4609142453	-16.4527780681477	-19.0494160091873	-19.9203292639023	-2.76874283915646	2.84246721586465
2.4609142453	-2.4085543678	-17.1815857760395	-18.9636392808216	-21.9108227463389	-2.31689806081553	3.07412930341235
2.4609142453	-2.3561944902	-17.3352415018927	-18.1638107714252	-24.9374964153442	-1.80034356140982	-3.07376199973859
2.4609142453	-2.3038346126	-16.2166219521705	-16.430518070594	-29.3989451531737	-1.33353640087141	3.02539240501621
2.4609142453	-2.2514747351	-14.3020351285833	-14.4319375741554	-29.6084942957304	-0.980310165237602	2.19410302332942
2.4609142453	-2.1991148575	-12.3921740222471	-12.7014706373177	-24.019995996077	-0.721266053392215	1.88390649418861
2.4609142453	-2.14675498	-10.7970020301348	-11.3878469759291	-19.7521836037769	-0.523748016992866	1.93758637372525
2.4609142453	-2.0943951024	-9.52821638840141	-10.460724166407	-16.6674492113176	-0.366264089107227	2.08065452466707
2.4609142453	-2.0420352248	-8.52194513788656	-9.85196363341612	-14.3092624556773	-0.237951293737129	2.2476461386208
2.4609142453	-1.9896753473	-7.71153716810332	-9.50137053199046	-12.4254796064007	-0.134228672858388	2.41831823378607
2.4609142453	-1.9373154697	-7.05191248543812	-9.38126500575773	-10.8701474068431	-0.0529436920553604	2.58102959421499
2.4609142453	-1.8849555922	-6.51320780610263	-9.48593183211632	-9.56141164657345	0.00707886807536897	2.73054222978507
2.4609142453	-1.8325957146	-6.0713343869675	-9.82564616372848	-8.44663477232446	0.0458877167390249	2.86325665913295
2.4609142453	-1.780235837	-5.70789286603985	-10.4266988132	-7.49524782807209	0.0614533032186958	2.97808824196003
2.4609142453	-1.7278759595	-5.38723499453865	-11.2988790670866	-6.67355700026514	0.0473542749735521	3.07621491220658
2.4609142453	-1.6755160819	-5.0700480233237	-12.4207197867976	-5.95340579304099	-0.00990774063449705	-3.12343863384605
2.4609142453	-1.6231562044	-4.71484472472743	-13.7006312841711	-5.30124737920388	-0.132967505911196	-3.05212785865947
2.4609142453	-1.5707963268	-4.29132503126472	-14.8432732962771	-4.69168796021962	-0.348195328433464	-2.99138731005768
2.4609142453	-1.5184364492	-3.79086439745665	-15.3070287180225	-4.10851797756569	-0.655269392596659	-2.94076651497173
2.4609142453	-1.4660765717	-3.22594308342204	-14.6747532745829	-3.54875064538835	-0.992559013034121	-2.90124866321454
2.4609142453	-1.4137166941	-2.62318932878005	-13.2036379876983	-3.02080985671857	-1.28477069129946	-2.87391247740359
2.4609142453	-1.3613568166	-2.01521004518487	-11.4133574948321	-2.54511171081858	-1.51357224990903	-2.85986823219698
2.4609142453	-1.308996939	-1.42503836565247	-9.61616336936253	-2.13936832216833	-1.69425065330767	-2.85909319189487
2.4609142453	-1.2566370614	-0.869404792335919	-7.93907894428011	-1.81873940458592	-1.84251758530607	-2.87023663058965
2.4609142453	-1.2042771839	-0.359185935964025	-6.42804758897954	-1.59260450571988	-1.96877990873962	-2.89017523908754
2.4609142453	-1.1519173063	0.0983554124993757	-5.10101829590619	-1.46333131797208	-2.08007910405367	-2.91418171870721
2.4609142453	-1.0995574288	0.496004617772063	-3.96388927461024	-1.42935671472675	-2.182220500595	-2.93656753518045
2.4609142453	-1.0471975512	0.83515638794669	-3.00350779323403	-1.47975434194001	-2.28028093832109	-2.95108038428782
2.4609142453	-0.9948376736	1.12847334289608	-2.19628120560037	-1.58861118325937	-2.37750274816757	-2.95243880075286
2.4609142453	-0.9424777961	1.40675986107649	-1.50690828978783	-1.70237101121085	-2.47489522486144	-2.93775542235995
2.4609142453	-0.8901179185	1.70429901138927	-0.906619975618572	-1.7458634585524	-2.57086208069925	-2.90853477937389
2.4609142453	-0.837758041	2.04772329542159	-0.376657721074167	-1.6400567653552	-2.66192510216415	-2.87276643728277
2.4609142453	-0.7853981634	2.44098231329261	0.0846043830380859	-1.3394589519696	-2.74420388477547	-2.84353118418595
2.4609142453	-0.7330382858	2.86384807605185	0.469803040425763	-0.864844828206838	-2.81564799599291	-2.83385089832983
2.4609142453	-0.6806784083	3.28990745268491	0.781733255137061	-0.288256762246558	-2.87666318848067	-2.8517201037702
2.4609142453	-0.6283185307	3.68902094024043	1.02394256944093	0.303669411836006	-2.9299033979527	-2.897972369131
2.4609142453	-0.5759586532	4.03648333650742	1.2136710618103	0.830235113855673	-2.98010376719799	-2.96924221782934
2.4609142453	-0.5235987756	4.31019771722097	1.37822706754148	1.22012971833498	-3.03258442822451	-3.06011692445585
2.4609142453	-0.47123889804	4.49508134575719	1.52883299485108	1.44027837395058	-3.09220379928264	3.11694510220987
2.4609142453	-0.41887902048	4.57378542537426	1.6718485548173	1.45234921637866	3.12125717352591	2.99897772075554
2.4609142453	-0.36651914292	4.55119225681529	1.79990216711929	1.26545009470924	3.04071079340383	2.87183036898843
2.4609142453	-0.31415926536	4.42528236038946	1.88714168512201	0.885157564788497	2.95027311939749	2.73727006516011
2.4609142453	-0.2617993878	4.20649403071214	1.90307518433705	0.351455663011024	2.85167459025827	2.59819213479738
2.4609142453	-0.20943951024	3.91169983333547	1.82711638146497	-0.276630832184736	2.74641509476316	2.45864513300635
2.4609142453	-0.15707963268	3.56938355173021	1.66602410739593	-0.930229331309604	2.6362179248872	2.32336904862963
2.4609142453	-0.10471975512	3.2129698451907	1.43675601564914	-1.52780101032898	2.52279146133404	2.19693648575853
2.4609142453	-0.05235987756	2.88526794612083	1.1739693861809	-1.98690611762895	2.40804383573074	2.08128903127142
2.4609142453	-4.4408920985E-16	2.63663345099257	0.925029416664809	-2.23490817839605	2.29404927831116	1.97378594975761
2.4609142453	0.05235987756	2.50644026513198	0.730203358199914	-2.2342849195514	-0.959460278042116	-1.27362863706365
2.4609142453	0.10471975512	2.51434940150767	0.618164382731488	-1.99833797308499	-1.07057256974158	-1.38495352720821
2.4609142453	0.15707963268	2.65491805995985	0.599532179398747	-1.58122832981072	-1.18448402937582	-1.50574038891709
2.4609142453	0.20943951024	2.89986519907487	0.673987333762012	-1.06847286084746	-1.3059320631276	-1.63554025289841
2.4609142453	0.2617993878	3.21174713662702	0.840047451995332	-0.547515900358999	-1.43905465732758	-1.7713041604388
2.4609142453	0.31415926536	3.54035487363818	1.07772159781864	-0.0967785059810324	-1.58431140535943	-1.90930364820198
2.4609142453	0.36651914292	3.84805571762437	1.37543328385945	0.223978831001608	-1.73922856322124	-2.04690895621427
2.4609142453	0.41887902048	4.09282044584766	1.69065417523058	0.37514622778212	-1.8990803600891	-2.18284042229154
2.4609142453	0.47123889804	4.24962787105347	1.98614783075446	0.336854519060421	-2.05913904352889	-2.31686828639733
2.4609142453	0.5235987756	4.2980190731417	2.21571428597482	0.10598710890548	-2.21618805579843	-2.44986473418961
2.4609142453	0.5759586532	4.23012519153343	2.34646550519716	-0.305534989222985	-2.36855419185942	-2.58321291191926
2.4609142453	0.6283185307	4.04849603508544	2.36174603767531	-0.87495269396322	-2.51482419582518	-2.71891017035183
2.4609142453	0.6806784083	3.76069365371103	2.2529886795287	-1.56605106012688	-2.65385913241376	-2.85942723977768
2.4609142453	0.7330382858	3.37813034022241	2.01955708525441	-2.33047516783543	-2.78412062900785	-3.00740780652989
2.4609142453	0.7853981634	2.89675328309364	1.6434027412568	-3.11197875652278	-2.90279641284846	3.11905460705839
2.4609142453	0.837758041	2.32824440090517	1.13087912914836	-3.85226856239558	-3.00863501818821	2.95382305647151
2.4609142453	0.8901179185	1.66417110491625	0.464346821947095	-4.50860498602005	-3.09994691901047	2.78290065821252
2.4609142453	0.9424777961	0.903652962368241	-0.360222708106275	-5.07376980248603	3.10693819630515	2.61092336751548
2.4609142453	0.9948376736	0.0561952328653532	-1.33303070050037	-5.57003166132769	3.04587991198523	2.44223492700763
2.4609142453	1.0471975512	-0.859898394906728	-2.42716801282081	-6.04639836699495	3.00055587105266	2.27881340894097
2.4609142453	1.0995574288	-1.81917708764696	-3.60173834104722	-6.54741338611438	2.97213837183441	2.1198897113415
2.4609142453	1.1519173063	-2.79114458182157	-4.80231091373541	-7.10135393675251	2.96264091370416	1.96286944186715
2.4609142453	1.2042771839	-3.74133386137283	-5.97237873613348	-7.70196569812135	2.97353387040084	1.80454289035036
2.4609142453	1.2566370614	-4.63722444453804	-7.06363032562414	-8.32229743653394	3.00511426115766	1.64322560082577
2.4609142453	1.308996939	-5.44160382099622	-8.03742643347711	-8.91015160227722	3.05470133030917	1.47920456644579
2.4609142453	1.3613568166	-6.1232247685919	-8.87359539492874	-9.41000703672425	3.11634933638154	1.31568478048358
2.4609142453	1.4137166941	-6.66613114579546	-9.57286571637111	-9.78252665188679	-3.10148160922717	1.15792673777605
2.4609142453	1.4660765717	-7.07129049617472	-10.1457946460457	-10.0183216151437	-3.04125203040692	1.01162598222071
2.4609142453	1.5184364492	-7.35281759846365	-10.6058791633312	-10.1332104467828	-2.99365838056424	0.88090957746733
2.4609142453	1.5707963268	-7.54064651639014	-10.9711692135298	-10.1678212531082	-2.96344401644482	0.769439647721416
2.4609142453	1.6231562044	-7.6827837760516	-11.2738724208472	-10.1808825697332	-2.95206077853831	0.678573304384601
2.4609142453	1.6755160819	-7.82295061336123	-11.5350225233192	-10.2292597746117	-2.95907276988325	0.610247137546663
2.4609142453	1.7278759595	-8.01249531124943	-11.7905849122539	-10.370568247821	-2.98326741351614	0.566400180545873
2.4609142453	1.780235837	-8.27795498147959	-12.0445911437261	-10.6443058310804	-3.0248018407037	0.550115491853389
2.4609142453	1.8325957146	-8.62587657850354	-12.2772306290159	-11.077690081683	-3.08438876530978	0.566454663020914
2.4609142453	1.8849555922	-9.01657450805661	-12.4194888950366	-11.6668294504827	3.12205899123762	0.620204954388328
2.4609142453	1.9373154697	-9.37108402977756	-12.3896871024574	-12.3730967145117	3.03479784184807	0.716875252159787
2.4609142453	1.9896753473	-9.60246689235703	-12.1526568239484	-13.1274630552054	2.9500771341089	0.856614291791731
2.4609142453	2.0420352248	-9.6746405645536	-11.7591847674562	-13.863034940148	2.88203786650612	1.03604561811204
2.4609142453	2.0943951024	-9.63347867891385	-11.3301761437691	-14.5360421214038	2.8390156076617	1.24471328038937
2.4609142453	2.14675498	-9.59735364336621	-11.0059494213333	-15.1726114156316	2.82105472522441	1.47323956912973
2.4609142453	2.1991148575	-9.66633615149985	-10.8806111104065	-15.7940093996974	2.82344994784209	1.71535985088606
2.4609142453	2.2514747351	-9.90677366316523	-11.0138378887097	-16.3846686304823	2.8389367291259	1.96318270266809
2.4609142453	2.3038346126	-10.3398183960468	-11.421459042586	-16.9064330489825	2.85980382770283	2.19689959423042
2.4609142453	2.3561944902	-10.9815603713605	-12.1043243901219	-17.4058130402773	2.87773299293612	2.38221443568674
2.4609142453	2.4085543678	-11.8411667546237	-13.0350948966847	-18.0325245963566	2.8855404425717	2.4793536973852
2.4609142453	2.4609142453	-12.911802685336	-14.1933462335817	-18.8373383900085	2.87811829828325	2.44637279199439
2.4609142453	2.5132741229	-14.0816891819523	-15.5864081555826	-19.4156367273374	2.85630171655957	2.25374327606789
2.4609142453	2.5656340004	-15.0157844168226	-17.2891611458365	-18.9141298760176	2.83120654362313	1.9609713562964
2.4609142453	2.617993878	-15.286392470989	-19.4964829193434	-17.3576245918579	2.83106283660659	1.72245852548
2.4609142453	2.6703537556	-14.8831750503104	-22.5962243121291	-15.6888106311096	2.9249712442772	1.60008758315646
2.4609142453	2.7227136331	-14.2251013848734	-26.668705914085	-14.4798422651629	-2.95505861163916	1.56559245431145
2.4609142453	2.7750735107	-13.6245478096525	-26.8489689366496	-13.8363294213719	-2.06977430028342	1.58537473315673
2.4609142453	2.8274333882	-13.1715300506484	-22.5844753921196	-13.6995150798022	-1.60089635361673	1.63678480388432
2.4609142453	2.8797932658	-12.877014058048	-19.4205711406506	-13.9651980018951	-1.45642011896849	1.70220980886219
2.4609142453	2.9321531434	-12.7790618495907	-17.598942494469	-14.5158433950092	-1.40345302687572	1.76464550834188
2.4609142453	2.9845130209	-12.959884239513	-16.8463131964248	-15.2414769343198	-1.37046806267732	1.80823039100895
2.4609142453	3.0368728985	-13.5091935849214	-17.0446153892101	-16.0510719030724	-1.32481666661184	1.82491866785635
2.4609142453	3.089232776	-14.4700120844416	-18.1681523359885	-16.8866640986813	-1.2379052349628	1.82248629567183
2.4609142453	3.1415926536	-15.8303458351806	-20.2023519497396	-17.8055227747212	-1.06680961575587	1.82824654905498
2.5132741229	-3.1415926536	-15.8283641047778	-19.6500392568425	-18.1552765380945	2.05897387630954	-1.32350335126313
2.5132741229	-3.089232776	-17.5493299044138	-22.3300017278693	-19.3055205717827	2.36766060629765	-1.27438785402044
2.5132741229	-3.0368728985	-19.3961001505558	-24.4539823186382	-21.0204751392733	2.86643553305885	-1.10946239580282
2.5132741229	-2.9845130209	-20.9205378319086	-24.8493932942714	-23.1730515395018	-2.92493311047978	-0.720958205702456
2.5132741229	-2.9321531434	-21.3509202371428	-24.9763782293652	-23.8224835161326	-2.64105701951544	-0.0493845664911761
2.5132741229	-2.8797932658	-20.3724683277877	-26.2547729122356	-21.6689503878253	-2.56948976089213	0.558959019653849
2.5132741229	-2.8274333882	-18.793793275607	-28.6498864394433	-19.2676562004068	-2.7915033526192	0.941560784414313
2.5132741229	-2.7750735107	-17.4046407947327	-28.7617621041339	-17.7346042963728	2.92424428040918	1.21790484791933
2.5132741229	-2.7227136331	-16.4851530072264	-25.3959020233969	-17.0825114888523	2.61464359249068	1.46259369846598
2.5132741229	-2.6703537556	-16.0325594408528	-22.4205220435008	-17.1660879326831	2.63544386464863	1.70673354253241
2.5132741229	-2.617993878	-15.9761745092303	-20.4687294086272	-17.8834208465238	2.80692514707571	1.96105380355201
2.5132741229	-2.5656340004	-16.2590892544771	-19.3281782173056	-19.2113853952105	3.06204867509401	2.22492733655905
2.5132741229	-2.5132741229	-16.8399111611423	-18.7868896620789	-21.261324068319	-2.89463134128739	2.48895673910779
2.5132741229	-2.4609142453	-17.5356825483292	-18.5269460346837	-24.4378432046878	-2.48504280167532	2.7298502895194
2.5132741229	-2.4085543678	-17.6854214950922	-17.946009866836	-30.0333569908696	-1.99786153329273	2.84980140125068
2.5132741229	-2.3561944902	-16.5182347000713	-16.5481670761981	-38.1496234665318	-1.50769502209622	1.75273876282172
2.5132741229	-2.3038346126	-14.4440012182684	-14.6321791843131	-28.1699058825637	-1.10194181784843	1.03859173061767
2.5132741229	-2.2514747351	-12.3436795502011	-12.7856097472929	-22.4870773935379	-0.794951055614229	1.18744645639836
2.5132741229	-2.1991148575	-10.6010660921028	-11.310457384901	-18.8199192901161	-0.559339912510017	1.41698551414669
2.5132741229	-2.14675498	-9.25210600570847	-10.2543809819556	-16.1115841990858	-0.37016630227293	1.65590135613862
2.5132741229	-2.0943951024	-8.23078959548623	-9.56918013738666	-13.9948271551136	-0.212976492912435	1.8893631445966
2.5132741229	-2.0420352248	-7.45297472967451	-9.18594384741329	-12.2806194599894	-0.079554448224828	2.11396598340536
2.5132741229	-1.9896753473	-6.84686118227785	-9.05449729289626	-10.8425893551766	0.0331887156399415	2.32736342681021
2.5132741229	-1.9373154697	-6.35085059682057	-9.14361700632755	-9.59015733483268	0.126643812961101	2.52572649100925
2.5132741229	-1.8849555922	-5.93048822665758	-9.46234438044472	-8.47520514769945	0.201709394851349	2.70464493851004
2.5132741229	-1.8325957146	-5.55671243176705	-10.0347200653396	-7.47200106662206	0.258516304513952	2.86089032673552
2.5132741229	-1.780235837	-5.21563954776412	-10.9111751050534	-6.57902302203304	0.295426246173597	2.99300853223717
2.5132741229	-1.7278759595	-4.8852602832341	-12.1520631290088	-5.78776178772544	0.305504727465148	3.10289413331011
2.5132741229	-1.6755160819	-4.5378516491984	-13.8273267596831	-5.08205721211287	0.271078348002678	-3.0895634346182
2.5132741229	-1.6231562044	-4.14307147535031	-15.9709654104127	-4.4379586264182	0.15143972099027	-3.01458714585059
2.5132741229	-1.5707963268	-3.68018517338771	-18.3001646269064	-3.83272778304281	-0.135594377743835	-2.9528257137766
2.5132741229	-1.5184364492	-3.1438328710926	-19.3197738221195	-3.24987576529132	-0.649899906308774	-2.90310168680688
2.5132741229	-1.4660765717	-2.55039794195021	-17.5802159150185	-2.68898200543521	-1.16316165869785	-2.86567045319748
2.5132741229	-1.4137166941	-1.92771227055834	-14.7501894322115	-2.16059027211925	-1.48227348872284	-2.84137772627784
2.5132741229	-1.3613568166	-1.30902444506161	-12.1152802405231	-1.68559940224704	-1.67624551611126	-2.83139941074053
2.5132741229	-1.308996939	-0.720265347881566	-9.85268154732279	-1.28587427133826	-1.81363343029199	-2.83546353814833
2.5132741229	-1.2566370614	-0.176014594304773	-7.91759167551095	-0.975858396170951	-1.9239464655312	-2.85271871066297
2.5132741229	-1.2042771839	0.31508455807798	-6.25534958581382	-0.765476487795541	-2.01946482164049	-2.88045560281871
2.5132741229	-1.1519173063	0.743976035214375	-4.83977223099074	-0.66137126522042	-2.1067248168142	-2.91454306323197
2.5132741229	-1.0995574288	1.10442623491645	-3.64857917258254	-0.665618629727088	-2.19033807234628	-2.9495328659023
2.5132741229	-1.0471975512	1.39438414672827	-2.65656446262841	-0.777050909299178	-2.27459205405707	-2.9792486190273
2.5132741229	-0.9948376736	1.62357864025949	-1.82947755165698	-0.984956553524909	-2.36230477462193	-2.99716114886341
2.5132741229	-0.9424777961	1.8185834685697	-1.12774285003086	-1.25664659494842	-2.45385227120062	-2.9980285523253
2.5132741229	-0.8901179185	2.01851699802078	-0.519121820988141	-1.52223996841785	-2.54696529696578	-2.97918642635996
2.5132741229	-0.837758041	2.26179563776476	0.0193086826534447	-1.68185211104321	-2.63737246477093	-2.94381627251794
2.5132741229	-0.7853981634	2.56699216644154	0.492667963925887	-1.63804318586715	-2.7207205107128	-2.902647194236
2.5132741229	-0.7330382858	2.92583513444938	0.893206756254455	-1.34817563645794	-2.79393170352659	-2.872421282529
2.5132741229	-0.6806784083	3.31524248646463	1.22353078103449	-0.861542377756612	-2.85712450920934	-2.86763116129772
2.5132741229	-0.6283185307	3.69890421221332	1.48154381946433	-0.282187078278192	-2.91252492915256	-2.89478502461712
2.5132741229	-0.5759586532	4.04710006497399	1.68356629450048	0.276571990657311	-2.96495910585688	-2.95274585086592
2.5132741229	-0.5235987756	4.33704121678143	1.85525421250129	0.724882330080557	-3.0201428727974	-3.03615715562565
2.5132741229	-0.47123889804	4.54382725485909	2.00871990174559	0.999878970792625	-3.08263087238568	-3.13934221180169
2.5132741229	-0.41887902048	4.64980805255669	2.1518249534072	1.05857060018436	3.12766693431502	3.02545102845681
2.5132741229	-0.36651914292	4.64185895250661	2.2668161000719	0.887193370341768	3.04384019706456	2.89486209995293
2.5132741229	-0.31415926536	4.52370176680548	2.33125055597841	0.504952224022252	2.95027017778433	2.75490140993891
2.5132741229	-0.2617993878	4.30000778593681	2.31649082897855	-0.0575535628979681	2.84859529497818	2.60819961041655
2.5132741229	-0.20943951024	3.99420763069827	2.21297927446553	-0.736656285419032	2.74093467306867	2.45943976663234
2.5132741229	-0.15707963268	3.62921397554473	2.01626000285229	-1.45395478743795	2.62871083028361	2.3145519297626
2.5132741229	-0.10471975512	3.24891152860884	1.75615630866888	-2.11406550042561	2.51397360595659	2.17985031692078
2.5132741229	-0.05235987756	2.89914530450955	1.46933146073624	-2.62121356262134	2.39812044313454	2.05845482566823
2.5132741229	-4.4408920985E-16	2.63656714082123	1.20862445423747	-2.8885945700397	2.28303719800391	1.9482728720822
2.5132741229	0.05235987756	2.50826987855648	1.0217063617205	-2.86983921937849	-0.972437547819819	-1.2997600930175
2.5132741229	0.10471975512	2.53541818196766	0.937780893367378	-2.58200082583606	-1.08707509561657	-1.4111361354175
2.5132741229	0.15707963268	2.70805072204142	0.964160072224578	-2.09740717341839	-1.2063275494936	-1.53269526854591
2.5132741229	0.20943951024	2.99547788543119	1.10195334494813	-1.52207340620588	-1.33555968303286	-1.6642167561454
2.5132741229	0.2617993878	3.34345826634577	1.32698941238635	-0.957762899523032	-1.47753318990121	-1.80231536817509
2.5132741229	0.31415926536	3.7020038774313	1.62159050194522	-0.493104234311531	-1.63199992779646	-1.9433426504674
2.5132741229	0.36651914292	4.02423609719238	1.95519437262543	-0.189441070368275	-1.79536294802341	-2.08437722573767
2.5132741229	0.41887902048	4.27652298065965	2.29534980455585	-0.0850901047978132	-1.96213837466722	-2.22449703699065
2.5132741229	0.47123889804	4.42360361795746	2.58491942830809	-0.196123123651132	-2.12790005650734	-2.36371640616323
2.5132741229	0.5235987756	4.45210674812413	2.78816323148608	-0.519791469134136	-2.28899851656235	-2.50318759350891
2.5132741229	0.5759586532	4.35108834906702	2.86971584984951	-1.03976468771687	-2.44462768582138	-2.64471978796139
2.5132741229	0.6283185307	4.11861678179035	2.8090819374107	-1.72638286168646	-2.59291974250432	-2.79106029608496
2.5132741229	0.6806784083	3.77096172984953	2.6126363073483	-2.53487325417419	-2.7335225333004	-2.94566751618464
2.5132741229	0.7330382858	3.31098903680682	2.2710235751927	-3.40627630505573	-2.86370544137012	-3.11205881718531
2.5132741229	0.7853981634	2.75249662522349	1.78937710253149	-4.26120854760768	-2.98123375890829	2.99061100567681
2.5132741229	0.837758041	2.08583621365276	1.1450812385478	-5.01913149364693	-3.08361556207187	2.79690232640625
2.5132741229	0.8901179185	1.31834048014974	0.335612176433308	-5.61727053722276	3.11402504855	2.59554123765576
2.5132741229	0.9424777961	0.460386643513522	-0.638788874349957	-6.04478847205326	3.04651849030071	2.39534566330941
2.5132741229	0.9948376736	-0.477656105298563	-1.77807172888948	-6.34867294315876	2.99801219040808	2.20374611898607
2.5132741229	1.0471975512	-1.46339891913773	-3.05094649499613	-6.60359510507357	2.9702539122287	2.02420896019037
2.5132741229	1.0995574288	-2.46347344412947	-4.40950957921962	-6.8865528056424	2.96557304858989	1.85501470268752
2.5132741229	1.1519173063	-3.43490426588186	-5.77899785994658	-7.23245464685351	2.98735503674507	1.69195125624113
2.5132741229	1.2042771839	-4.34061654362998	-7.07223139269143	-7.64871845355027	3.03779096326991	1.53042715754932
2.5132741229	1.2566370614	-5.13978026353859	-8.19583309425104	-8.10480433144211	3.11556409297799	1.36709340652128
2.5132741229	1.308996939	-5.79469946997091	-9.07882994147943	-8.5474151289486	-3.06971781439265	1.20156728449669
2.5132741229	1.3613568166	-6.28298226056179	-9.70016324704138	-8.92127687094677	-2.96423934901665	1.03626838089592
2.5132741229	1.4137166941	-6.60522176084984	-10.0923564150285	-9.18590013735255	-2.86510613228953	0.876942814036088
2.5132741229	1.4660765717	-6.79007483472578	-10.3297528529215	-9.32857026853935	-2.78316800049175	0.729486328958463
2.5132741229	1.5184364492	-6.87611818727174	-10.4756899656296	-9.36763276631898	-2.7244197133797	0.599501012082125
2.5132741229	1.5707963268	-6.91074978911202	-10.5876791342321	-9.34326037499731	-2.68989968092646	0.488957017903743
2.5132741229	1.6231562044	-6.94413714098871	-10.7100780782446	-9.31099167300523	-2.67763810263339	0.399330111471964
2.5132741229	1.6755160819	-7.01947712587258	-10.8741019069797	-9.32318533301565	-2.6837316829992	0.330075989775302
2.5132741229	1.7278759595	-7.17949653321916	-11.1106491783657	-9.43044936454588	-2.70526943869167	0.281159485604103
2.5132741229	1.780235837	-7.46020545062758	-11.4351898897871	-9.68163920800989	-2.74155021007007	0.254102531455614
2.5132741229	1.8325957146	-7.87632176810674	-11.8423761092783	-10.1037292665049	-2.79524991501784	0.252057490007725
2.5132741229	1.8849555922	-8.41948641114787	-12.2786272972887	-10.7200375154704	-2.87088786739227	0.280432702681288
2.5132741229	1.9373154697	-9.0392403488689	-12.6267565403304	-11.5401187610137	-2.97076001152658	0.346564518277547
2.5132741229	1.9896753473	-9.63692921994608	-12.760453815797	-12.5368815618587	-3.08785852908383	0.457965868555822
2.5132741229	2.0420352248	-10.1047556509311	-12.6243802441081	-13.6683143594326	3.0784533727451	0.620922453157678
2.5132741229	2.0943951024	-10.369430023756	-12.2797431026915	-14.8564287358266	2.98105366173626	0.839790198149807
2.5132741229	2.14675498	-10.4720899142673	-11.893462128282	-16.0141752340007	2.91345856523891	1.11246226823858
2.5132741229	2.1991148575	-10.5136772185724	-11.6157318318704	-17.0088704417501	2.8753472870982	1.43445153981782
2.5132741229	2.2514747351	-10.5985516568008	-11.5486966465921	-17.6649105680889	2.8604895731395	1.78692863624299
2.5132741229	2.3038346126	-10.7865217393273	-11.7305280987809	-17.87807242866	2.86141100928033	2.12592521149401
2.5132741229	2.3561944902	-11.1272019462921	-12.1678122741853	-17.8420847038409	2.87074138137497	2.39624814202384
2.5132741229	2.4085543678	-11.6718180495811	-12.841173198056	-17.9417634356146	2.88261476673637	2.55853575316782
2.5132741229	2.4609142453	-12.4805845737473	-13.7475875689449	-18.448762294301	2.89309538010069	2.5880471716663
2.5132741229	2.5132741229	-13.5424188278839	-14.9095867719194	-19.2277092267112	2.90303888371205	2.45150497802225
2.5132741229	2.5656340004	-14.637667726259	-16.4114134404327	-19.383327232169	2.92116565899424	2.15420045037366
2.5132741229	2.617993878	-15.2805497058346	-18.4078731679952	-18.1768968708123	2.97228326839866	1.84338346733423
2.5132741229	2.6703537556	-15.1477605086754	-21.0941486231179	-16.4221696469437	3.11813428639734	1.65774410870649
2.5132741229	2.7227136331	-14.5130326384902	-24.0957208415123	-15.019551119328	-2.77376305280834	1.58860166139858
2.5132741229	2.7750735107	-13.8315992516083	-24.3266499797395	-14.2374964410771	-2.10080158258391	1.59221499746585
2.5132741229	2.8274333882	-13.3031575439294	-21.3798458724423	-14.0382681319823	-1.66030583397101	1.63805094475282
2.5132741229	2.8797932658	-12.9526440588733	-18.7245552006585	-14.2881962104678	-1.48591412016877	1.70418665246446
2.5132741229	2.9321531434	-12.8140953810059	-17.0711302405085	-14.8568874634446	-1.41477702994708	1.77019880670754
2.5132741229	2.9845130209	-12.9641262124877	-16.3663891672234	-15.6149290069386	-1.37365892056869	1.81644842050094
2.5132741229	3.0368728985	-13.4881491934493	-16.5527279720262	-16.4448403481831	-1.32643737478885	1.83120621329211
2.5132741229	3.089232776	-14.4440166783854	-17.643292572822	-17.2732219206368	-1.2433321002522	1.82151595085738
2.5132741229	3.1415926536	-15.8283641047778	-19.6500392568425	-18.1552765380945	-1.08261877728025	1.81808930232666
2.5656340004	-3.1415926536	-15.8292090659415	-19.1511170510087	-18.5487699876367	2.04498907049969	-1.33447794623583
2.5656340004	-3.089232776	-17.610241590659	-21.8499417793573	-19.6634779999474	2.33633188732191	-1.2917699072538
2.5656340004	-3.0368728985	-19.5405376705463	-24.099652900139	-21.411514130279	2.81857467016369	-1.12435392522356
2.5656340004	-2.9845130209	-21.0753027174894	-24.5632278892008	-23.6553395975112	-2.98065305821109	-0.710146299666714
2.5656340004	-2.9321531434	-21.3060978709178	-24.5747581478617	-24.0725480845081	-2.72104724483566	0.00545144059266557
2.5656340004	-2.8797932658	-20.0818350227901	-25.45354466856	-21.571013342686	-2.70249798732381	0.60608274754479
2.5656340004	-2.8274333882	-18.4146504009467	-26.6466293814604	-19.1217167811064	-2.95785559729974	0.965446030418563
2.5656340004	-2.7750735107	-17.0666072012442	-25.7559165458592	-17.6975948239344	2.92117722288865	1.22192046015157
2.5656340004	-2.7227136331	-16.2646566789184	-23.1674456633744	-17.2557590794598	2.73458313748902	1.44667645629333
2.5656340004	-2.6703537556	-15.9998426103655	-20.9336765462776	-17.6816724379872	2.78060648506571	1.66604569131809
2.5656340004	-2.617993878	-16.1928020823638	-19.4635395383556	-18.9574027863391	2.96411036559105	1.88595603882962
2.5656340004	-2.5656340004	-16.7145210832018	-18.6082965802559	-21.2316132130485	-3.04234786837885	2.09585978139899
2.5656340004	-2.5132741229	-17.3342187677155	-18.1352391782783	-25.0699821058727	-2.68407882662815	2.25066067181045
2.5656340004	-2.4609142453	-17.5070674252226	-17.660022421535	-32.1155269035321	-2.24834063286246	2.07017523305002
2.5656340004	-2.4085543678	-16.561198446256	-16.6962292566276	-31.7020532931472	-1.76959960635051	0.736961145135412
2.5656340004	-2.3561944902	-14.6567579362781	-15.1261284593451	-24.5520147319723	-1.32274555510899	0.60383563162845
2.5656340004	-2.3038346126	-12.5491633700805	-13.3327203310469	-20.3721904181468	-0.957560876157995	0.797207455430232
2.5656340004	-2.2514747351	-10.7117173720434	-11.7413422472879	-17.4674164457533	-0.671482041939947	1.05139074433935
2.5656340004	-2.1991148575	-9.26024079681942	-10.5299538131646	-15.2204283644836	-0.442150367270912	1.31658456340524
2.5656340004	-2.14675498	-8.1702840384093	-9.71555053909656	-13.4078413563206	-0.251198796097475	1.57634870409673
2.5656340004	-2.0943951024	-7.37760985575844	-9.25645580070763	-11.9221491047001	-0.0865836815013928	1.82664600388971
2.5656340004	-2.0420352248	-6.80303591887683	-9.08667196844618	-10.6865097397946	0.0579902286302476	2.0681218787496
2.5656340004	-1.9896753473	-6.37033408949416	-9.16426006418345	-9.6083560527877	0.18539735113436	2.29994902245658
2.5656340004	-1.9373154697	-6.01398664269058	-9.46943491423958	-8.62055347202394	0.297298184187566	2.51848917651388
2.5656340004	-1.8849555922	-5.67877848041191	-10.0155647529019	-7.67436748164382	0.395449085977442	2.71690743207805
2.5656340004	-1.8325957146	-5.33978503668665	-10.8497384352946	-6.77366266513437	0.481895473395301	2.88963109339081
2.5656340004	-1.780235837	-4.98902854171505	-12.0610836762641	-5.93778162125505	0.557196887213557	3.034531979914
2.5656340004	-1.7278759595	-4.61831654619723	-13.7939159135533	-5.17795267301725	0.619908105611705	-3.12991592879772
2.5656340004	-1.6755160819	-4.21689308046079	-16.3286401935609	-4.49251766114336	0.657393635986601	-3.03356203831374
2.5656340004	-1.6231562044	-3.76526873359528	-20.3383151420635	-3.86194154409681	0.625325843970245	-2.95551643477422
2.5656340004	-1.5707963268	-3.24618852640119	-27.8292634492759	-3.26133228880182	0.226937307244212	-2.89273036447071
2.5656340004	-1.5184364492	-2.66090195614809	-26.6160902045071	-2.67840608085407	-1.45058052897542	-2.84373422145428
2.5656340004	-1.4660765717	-2.02311075172362	-19.0881277085408	-2.10932643378709	-1.80642885362257	-2.80819078675424
2.5656340004	-1.4137166941	-1.36479099773414	-14.7273556643936	-1.56978310245108	-1.89566612690653	-2.78687451361972
2.5656340004	-1.3613568166	-0.720595228441772	-11.6757517704514	-1.08393155924205	-1.94916617438774	-2.78031587624639
2.5656340004	-1.308996939	-0.115115337336969	-9.29973218533663	-0.67351273556839	-1.99921046788848	-2.78850088089724
2.5656340004	-1.2566370614	0.434381008726009	-7.34478619421644	-0.357900663950017	-2.05173746364255	-2.81077990723809
2.5656340004	-1.2042771839	0.921336555969152	-5.6973229052532	-0.145697467075228	-2.10672143865413	-2.84489556936981
2.5656340004	-1.1519173063	1.34012332835245	-4.30191194219912	-0.0431583183723828	-2.1642603291571	-2.88752224083677
2.5656340004	-1.0995574288	1.6848611748952	-3.13029072220631	-0.0542473311874332	-2.22574011173442	-2.93381657437433
2.5656340004	-1.0471975512	1.95172958970086	-2.15585977877063	-0.183353335260743	-2.29343643878119	-2.97775364227583
2.5656340004	-0.9948376736	2.14483800346105	-1.34673319197165	-0.432242902864227	-2.36874545730103	-3.01301387281869
2.5656340004	-0.9424777961	2.28579662116194	-0.664082072054316	-0.785777084494495	-2.45129090014419	-3.03275237706029
2.5656340004	-0.8901179185	2.40906128514463	-0.0743423337498234	-1.20100127932391	-2.53820404776724	-3.03159482571678
2.5656340004	-0.837758041	2.55947288979876	0.446487588297452	-1.58314743013816	-2.62486185879649	-3.00751868034075
2.5656340004	-0.7853981634	2.76772955931819	0.903452991449115	-1.8038549113289	-2.70599995233933	-2.96616468408342
2.5656340004	-0.7330382858	3.04761800268478	1.3018967802031	-1.75413763165802	-2.77859047801758	-2.92249894076688
2.5656340004	-0.6806784083	3.37032407964743	1.61913379704491	-1.42039862245237	-2.84131199290319	-2.89667112484397
2.5656340004	-0.6283185307	3.72137762500241	1.88159075164977	-0.896257916876442	-2.89727801802918	-2.90296003369974
2.5656340004	-0.5759586532	4.05925925773082	2.0902637917617	-0.323502136244808	-2.95082644908705	-2.94509274958614
2.5656340004	-0.5235987756	4.35566535170435	2.26969969421118	0.169577360088745	-3.00766719633195	-3.01850267296253
2.5656340004	-0.47123889804	4.58317025604532	2.43216544905841	0.500538367101906	-3.07260382989178	-3.11703668507315
2.5656340004	-0.41887902048	4.70613801763769	2.57464751984542	0.592884933984159	3.13477863267624	3.04843902248849
2.5656340004	-0.36651914292	4.71792503124687	2.68354015082937	0.446855646489741	3.04769553776848	2.91550575542651
2.5656340004	-0.31415926536	4.60875404736741	2.7335345444708	0.0575072047923602	2.95078274076535	2.77043903566607
2.5656340004	-0.2617993878	4.38473024578291	2.69697992191087	-0.536611523400241	2.84613351816073	2.61620577249403
2.5656340004	-0.20943951024	4.07073213655333	2.56824298043319	-1.26860521487204	2.73600722004034	2.45808603069574
2.5656340004	-0.15707963268	3.68693005562134	2.33822296077572	-2.04865240795289	2.62174531168547	2.30308446074449
2.5656340004	-0.10471975512	3.28275257251349	2.04493553961494	-2.77274444994369	2.50555139343734	2.15895158165147
2.5656340004	-0.05235987756	2.9115965275411	1.73307412947731	-3.3288121480801	2.38863558170228	2.03109792299011
2.5656340004	-4.4408920985E-16	2.63666663594534	1.46139234681964	-3.614177300018	2.27261156505875	1.91824620457128
2.5656340004	0.05235987756	2.51071338910815	1.28285867350712	-3.57513254642972	-0.984540373983108	-1.32955132012069
2.5656340004	0.10471975512	2.55906107919722	1.23033238824969	-3.23185786248219	-1.10225804326884	-1.43988414067364
2.5656340004	0.15707963268	2.75986947851799	1.29816017036304	-2.67973877187412	-1.22635892948091	-1.56090012126628
2.5656340004	0.20943951024	3.08588021273376	1.49392556361931	-2.04434594931131	-1.3625021855813	-1.69289124222685
2.5656340004	0.2617993878	3.46432143989468	1.77051349183366	-1.44429344412698	-1.51226847813196	-1.83238760282894
2.5656340004	0.31415926536	3.8500316961181	2.11611176030833	-0.975674736275805	-1.67459840952729	-1.97536488316651
2.5656340004	0.36651914292	4.18607192113955	2.48146232678266	-0.699984875083111	-1.8449049868855	-2.11937656720844
2.5656340004	0.41887902048	4.43696458236041	2.82840394530705	-0.655988365834935	-2.01752212808084	-2.26340818512443
2.5656340004	0.47123889804	4.57228959162051	3.10406603574887	-0.851081263265297	-2.18776872017098	-2.40792492690999
2.5656340004	0.5235987756	4.57003929544966	3.26287723519825	-1.28170967978514	-2.35279480954039	-2.55442582543419
2.5656340004	0.5759586532	4.42824162278936	3.28341475163568	-1.92204974620117	-2.51133038246979	-2.70556848813019
2.5656340004	0.6283185307	4.14436953820853	3.14765705087891	-2.73660387804	-2.66250561962244	-2.8649682558582
2.5656340004	0.6806784083	3.72760417318794	2.8546405118208	-3.66945023586791	-2.8046800182663	-3.03773391709736
2.5656340004	0.7330382858	3.18779405975968	2.40458144417261	-4.63697497800535	-2.93534987567118	3.05410894107474
2.5656340004	0.7853981634	2.53586379001532	1.79772644698057	-5.5244501633932	-3.05187496739602	2.84128829217043
2.5656340004	0.837758041	1.76955301787274	1.0157470999594	-6.20714740126252	3.13174421714293	2.61063527039474
2.5656340004	0.8901179185	0.908147147880095	0.0614115164727032	-6.60870900082178	3.05137956421374	2.37480893569828
2.5656340004	0.9424777961	-0.0328246462424803	-1.07337975191005	-6.74791136806765	2.99212640241599	2.14975157756418
2.5656340004	0.9948376736	-1.02675367053103	-2.38436216816122	-6.73798703082048	2.95604261827293	1.94622025608785
2.5656340004	1.0471975512	-2.02896672830238	-3.83700370837792	-6.70743731044103	2.94639341148199	1.76500808250551
2.5656340004	1.0995574288	-2.99192233100142	-5.36427790866193	-6.75028273453765	2.96756607503426	1.60116783288378
2.5656340004	1.1519173063	-3.87792312787587	-6.86486211814416	-6.91171039085387	3.0248599163392	1.44711201893601
2.5656340004	1.2042771839	-4.6477293183018	-8.19012819674115	-7.18406529808498	3.12038884705909	1.29592034104136
2.5656340004	1.2566370614	-5.27389029901261	-9.19493443447304	-7.53172199193444	-3.0358150232374	1.14302637166718
2.5656340004	1.308996939	-5.73074745554055	-9.78685678233203	-7.89883799402348	-2.89525195181895	0.986718766647036
2.5656340004	1.3613568166	-6.01539585225466	-10.0129419507954	-8.22182799245523	-2.76302697858218	0.82859578176095
2.5656340004	1.4137166941	-6.14654202328092	-9.99780446060034	-8.45260439212394	-2.6550385635516	0.673831723473032
2.5656340004	1.4660765717	-6.16849618194792	-9.88300581487732	-8.57300151156071	-2.57773496282299	0.528731117102825
2.5656340004	1.5184364492	-6.13269768675466	-9.76743588474664	-8.5971594822109	-2.53036226419081	0.398744318718998
2.5656340004	1.5707963268	-6.08378559045118	-9.70112506422024	-8.56158341768768	-2.50866316211582	0.28717049080163
2.5656340004	1.6231562044	-6.05858666538907	-9.70383370282618	-8.51503903752543	-2.50805516290093	0.194677448938119
2.5656340004	1.6755160819	-6.09299079763062	-9.79737148345651	-8.50500276910904	-2.52188188908243	0.120438660432546
2.5656340004	1.7278759595	-6.22071434677034	-9.9957519794433	-8.58098940376727	-2.54596332988937	0.0634507704741174
2.5656340004	1.780235837	-6.46922741165757	-10.3201151731904	-8.77555230357453	-2.57770699690186	0.0236055045242025
2.5656340004	1.8325957146	-6.86503349184863	-10.7741477302991	-9.13101822658897	-2.61931632168473	0.00296422585590893
2.5656340004	1.8849555922	-7.42196277102034	-11.343100304064	-9.67973078343108	-2.67612925966774	0.00577256620735547
2.5656340004	1.9373154697	-8.13044550852438	-11.9526986471777	-10.4569483115079	-2.75582919156828	0.038440026188816
2.5656340004	1.9896753473	-8.95383710093237	-12.4884661301317	-11.4963461829749	-2.86304426981233	0.109163687551479
2.5656340004	2.0420352248	-9.8053586688332	-12.8091400833231	-12.8221869663367	-2.99229217162858	0.227782915324745
2.5656340004	2.0943951024	-10.5663533437311	-12.8478206554128	-14.45296374274	-3.12564141655262	0.407228301284915
2.5656340004	2.14675498	-11.1200302799489	-12.6689599984441	-16.3490274631653	3.0412822278072	0.666124187069217
2.5656340004	2.1991148575	-11.4329534469587	-12.4297506168844	-18.3135986170806	2.95469780464306	1.03320150811055
2.5656340004	2.2514747351	-11.5545127772676	-12.2773944533083	-19.6981122482246	2.89952490185883	1.51940062067366
2.5656340004	2.3038346126	-11.5889177908644	-12.3091650961588	-19.7470922746803	2.87123760812362	2.02910103265502
2.5656340004	2.3561944902	-11.6477854919122	-12.5525106497857	-18.9049743124536	2.86423705815626	2.41344953979241
2.5656340004	2.4085543678	-11.8670613061269	-13.0106220252523	-18.2215532199497	2.87331269331314	2.63485820454227
2.5656340004	2.4609142453	-12.3812646113046	-13.6942518584207	-18.2164692313295	2.89454859805039	2.70934414162287
2.5656340004	2.5132741229	-13.2507136398226	-14.6359101018159	-18.8876479560549	2.92732806164544	2.62641868446753
2.5656340004	2.5656340004	-14.3465687554412	-15.9100253985328	-19.54185524724	2.97794281834041	2.35981666194814
2.5656340004	2.617993878	-15.2263175790296	-17.6432913810778	-18.9240256346091	3.06643631322333	1.99832317364235
2.5656340004	2.6703537556	-15.3562593170787	-19.9107720354333	-17.2297162534688	-3.03887091152815	1.74010378214856
2.5656340004	2.7227136331	-14.8063452233034	-22.2299402457616	-15.6734220593142	-2.66904201461361	1.62720629281057
2.5656340004	2.7750735107	-14.0715446357983	-22.5019706997851	-14.7444477324863	-2.1127255501351	1.60956923452313
2.5656340004	2.8274333882	-13.4607052588489	-20.3514201887514	-14.4549082422215	-1.70195788699433	1.64670948672905
2.5656340004	2.8797932658	-13.0543670405971	-18.1011012384022	-14.6838079206739	-1.50923973652862	1.71142808750385
2.5656340004	2.9321531434	-12.8700736862284	-16.5945368407704	-15.267231993685	-1.42344320345914	1.77945138731073
2.5656340004	2.9845130209	-12.9784024831241	-15.9316816550152	-16.0464818515499	-1.37536510817828	1.82694477891541
2.5656340004	3.0368728985	-13.4757142101736	-16.1135590470816	-16.89343338201	-1.32687195885263	1.83860627367321
2.5656340004	3.089232776	-14.4235357966865	-17.1726891239076	-17.7116958078483	-1.24751570691256	1.82065772087072
2.5656340004	3.1415926536	-15.8292090659415	-19.1511170510087	-18.5487699876367	-1.09660358309011	1.80711470735396
2.617993878	-3.1415926536	-15.8289185517664	-18.6995717983446	-18.9835051457218	2.03228776892363	-1.34653114140976
2.617993878	-3.089232776	-17.6665809824931	-21.4092531537755	-20.0503740289763	2.30777276353193	-1.3107899913324
2.617993878	-3.0368728985	-19.6739388464566	-23.7539757400305	-21.8266077818692	2.7747617032993	-1.14175855480507
2.617993878	-2.9845130209	-21.1993795514967	-24.2468178473059	-24.1728560635593	-3.03050147324093	-0.702190461896275
2.617993878	-2.9321531434	-21.2041512322527	-24.0799876674454	-24.3532112666231	-2.78847587787218	0.0578718139918973
2.617993878	-2.8797932658	-19.7453172954593	-24.4951487808389	-21.5169600204084	-2.79920074813999	0.649240904713188
2.617993878	-2.8274333882	-18.0103636670339	-24.8099413463006	-19.0283239395076	-3.03799426357144	0.986290454311474
2.617993878	-2.7750735107	-16.7060875709301	-23.5767859012152	-17.7054547002032	2.95207187051634	1.2221630995169
2.617993878	-2.7227136331	-16.0147451235049	-21.4611132316579	-17.4737524984409	2.83634324155271	1.4231263221475
2.617993878	-2.6703537556	-15.9035253956611	-19.6943924663804	-18.2524077110696	2.90518400712529	1.60847897163162
2.617993878	-2.617993878	-16.2495562279503	-18.5337779039454	-20.1321837322958	3.10282932413087	1.77010348423535
2.617993878	-2.5656340004	-16.7871263676435	-17.8302722283528	-23.4926571784051	-2.88580726870408	1.85273070012655
2.617993878	-2.5132741229	-17.0181726264258	-17.3143754203996	-28.8273839123022	-2.51059987364247	1.58474126445624
2.617993878	-2.4609142453	-16.3617803202906	-16.6396160086967	-28.4399204006626	-2.07521656067367	0.63176864660219
2.617993878	-2.4085543678	-14.7965432271243	-15.5331118657066	-22.8653345483592	-1.62455884221145	0.418351403670987
2.617993878	-2.3561944902	-12.8722372352331	-14.0485407695169	-19.1197709362917	-1.21373633715539	0.553359899448524
2.617993878	-2.3038346126	-11.0495178056499	-12.5036429558865	-16.5081380109522	-0.870818512941975	0.781613892755625
2.617993878	-2.2514747351	-9.52673621623423	-11.189027865696	-14.5021746529813	-0.591623211743385	1.04098652207929
2.617993878	-2.1991148575	-8.34532043606636	-10.2304745312022	-12.8782298283193	-0.360062903999563	1.30566845260847
2.617993878	-2.14675498	-7.48539762966037	-9.65137332194762	-11.5447754665347	-0.161403006067623	1.56500115153086
2.617993878	-2.0943951024	-6.89041101966727	-9.41050809676177	-10.4533689325211	0.0142720802361551	1.81692242930236
2.617993878	-2.0420352248	-6.49596069578358	-9.45964514538909	-9.55338194629484	0.173033454135159	2.0635984124953
2.617993878	-1.9896753473	-6.21642048331307	-9.76093801868328	-8.75107663660584	0.31854014724864	2.30523999548068
2.617993878	-1.9373154697	-5.96920141951809	-10.2996445729238	-7.96849454482254	0.45442520605885	2.5364436945227
2.617993878	-1.8849555922	-5.68904716667406	-11.1003907415689	-7.16211798499564	0.58481694034964	2.74859117202911
2.617993878	-1.8325957146	-5.34834668534797	-12.2309660025458	-6.34463467620538	0.716830039631301	2.93350943771424
2.617993878	-1.780235837	-4.95257194488774	-13.8096410552399	-5.55790225565693	0.861053201076403	3.08799799760488
2.617993878	-1.7278759595	-4.51731585723377	-16.0473133071579	-4.8339215236999	1.0357624131101	-3.06930323345243
2.617993878	-1.6755160819	-4.04450967217975	-19.3568718258612	-4.17423301096246	1.29108078662739	-2.96769791534474
2.617993878	-1.6231562044	-3.52580594488968	-24.2211037788061	-3.56296899538039	1.83596469734634	-2.8862327275585
2.617993878	-1.5707963268	-2.94641895841466	-25.0995950062381	-2.97295234596601	3.05402375708225	-2.82157874598129
2.617993878	-1.5184364492	-2.3057462145158	-19.5453329562828	-2.38853249600579	-2.56417111344011	-2.77240553123704
2.617993878	-1.4660765717	-1.6188250985507	-15.3151531895177	-1.80831744347416	-2.32402734923511	-2.73828552507456
2.617993878	-1.4137166941	-0.919452486566793	-12.2422418149577	-1.25213766712678	-2.2144611604818	-2.71959190612035
2.617993878	-1.3613568166	-0.241862939665523	-9.84334127025375	-0.746062650652127	-2.16551775244302	-2.71645318442314
2.617993878	-1.308996939	0.387592718578008	-7.86115369338035	-0.316515722182618	-2.15290250151931	-2.72847551019248
2.617993878	-1.2566370614	0.950900041646257	-6.17104436185939	0.0142412417121633	-2.1634834350081	-2.7549497845525
2.617993878	-1.2042771839	1.44447327041999	-4.70941659784202	0.238622061024356	-2.18856681520627	-2.79433444862093
2.617993878	-1.1519173063	1.86443769752533	-3.4496111037919	0.35145241983668	-2.22411562413097	-2.84392686788586
2.617993878	-1.0995574288	2.20836404573623	-2.37723111154515	0.351580440751686	-2.26878361763058	-2.89973505400837
2.617993878	-1.0471975512	2.46835712798929	-1.47852866747845	0.228057409477936	-2.32299083217646	-2.95613698516763
2.617993878	-0.9948376736	2.64865864828004	-0.728534268894193	-0.0233434993381473	-2.38741991429664	-3.00702682861849
2.617993878	-0.9424777961	2.76156208209562	-0.0977024560491342	-0.405215721150885	-2.46115002781757	-3.04532274734176
2.617993878	-0.8901179185	2.83550890598321	0.444776008907231	-0.897691794444119	-2.5412576643364	-3.06403747497076
2.617993878	-0.837758041	2.91242881625287	0.921388053716179	-1.43216619305811	-2.62261384724118	-3.05756611713911
2.617993878	-0.7853981634	3.03254708004982	1.34089912210603	-1.88059956531038	-2.7000214069571	-3.02547774931628
2.617993878	-0.7330382858	3.21800248971381	1.69983747891507	-2.083643091067	-2.76963699544855	-2.97790676384876
2.617993878	-0.6806784083	3.47177293222104	2.00276625506278	-1.94965163385631	-2.83081576271822	-2.93587561102097
2.617993878	-0.6283185307	3.7679368821099	2.2468662045434	-1.52677281584121	-2.88556574821085	-2.92165647960815
2.617993878	-0.5759586532	4.08470759470626	2.4583059083175	-0.968709638902808	-2.93902498119118	-2.94592920950545
2.617993878	-0.5235987756	4.37720942755281	2.64037491359909	-0.442563491498195	-2.99646071471268	-3.00755304338058
2.617993878	-0.47123889804	4.61121868350605	2.80550939195246	-0.0717632864739479	-3.06303280605181	-3.09965540364621
2.617993878	-0.41887902048	4.75610097072506	2.95352655765859	0.0670319201608987	-3.14135286710966	3.06773718377309
2.617993878	-0.36651914292	4.78417253910993	3.06247180595645	-0.0665420930978885	3.05178548037175	2.93320895594748
2.617993878	-0.31415926536	4.68275715935156	3.09874299385565	-0.465456479772176	2.95167839383164	2.78350116349056
2.617993878	-0.2617993878	4.46390985391678	3.04824964436482	-1.09296262091695	2.8440668447214	2.62202454451461
2.617993878	-0.20943951024	4.13974495443892	2.89013839212242	-1.88019743651178	2.73125949888844	2.45407216722845
2.617993878	-0.15707963268	3.73893287666933	2.62823975125646	-2.72648674147349	2.61498617626621	2.28781079012922
2.617993878	-0.10471975512	3.3125531846543	2.30195868402699	-3.51502381937576	2.49710956335971	2.13327219728199
2.617993878	-0.05235987756	2.92281759836967	1.96672003060976	-4.11928551668342	2.37948281749961	1.99807542933292
2.617993878	-4.4408920985E-16	2.63681912257446	1.68510208207528	-4.42311752418828	2.26269780189972	1.88249617004576
2.617993878	0.05235987756	2.5130817293287	1.51427146451128	-4.35976947241799	-0.995607860812187	-1.36432953639265
2.617993878	0.10471975512	2.57653712296555	1.48668627150676	-3.96117107542548	-1.11589200731046	-1.47210107055655
2.617993878	0.15707963268	2.80865129976885	1.60124528042472	-3.3403838876711	-1.24452236206763	-1.59102571545487
2.617993878	0.20943951024	3.16724272102072	1.84679553399182	-2.64689839971171	-1.38664029155588	-1.72205360318932
2.617993878	0.2617993878	3.57603708271549	2.17459873779728	-2.01795846224566	-1.54324099805985	-1.86162479107745
2.617993878	0.31415926536	3.98175533417973	2.55754738160304	-1.5530147232052	-1.71213502079638	-2.00577641616841
2.617993878	0.36651914292	4.32920321234364	2.94813349802345	-1.31873478820036	-1.88817773627624	-2.15214872130523
2.617993878	0.41887902048	4.57660573521199	3.29401082328376	-1.34586838298157	-2.06548397271696	-2.29994030502543
2.617993878	0.47123889804	4.69466778337394	3.54519992928347	-1.64027188184236	-2.23961861363034	-2.4500247176948
2.617993878	0.5235987756	4.66222878568863	3.65829275853091	-2.1908564691483	-2.40819218190905	-2.60461607423027
2.617993878	0.5759586532	4.47053571847215	3.60655620224722	-2.96710343130002	-2.57008859086521	-2.7671748448147
2.617993878	0.6283185307	4.12268650005941	3.38154010229309	-3.92142104670472	-2.72377417730993	-2.94318062052429
2.617993878	0.6806784083	3.63105786121442	2.98705766250496	-4.97594704337323	-2.86806506524939	-3.13998971113572
2.617993878	0.7330382858	3.0083051550221	2.42597574513253	-6.00576247488361	-3.00014483005556	2.91811605508658
2.617993878	0.7853981634	2.2582794322752	1.68703023057743	-6.83380186878257	-3.11686128896659	2.66321132120186
2.617993878	0.837758041	1.40353698266754	0.772065848002687	-7.28268163466663	3.06801015212294	2.39136242741764
2.617993878	0.8901179185	0.456340337197435	-0.339048008921421	-7.30733677012948	2.99076949466283	2.127723856122
2.617993878	0.9424777961	-0.545411598499373	-1.64738226580277	-7.04089544640842	2.9370848413977	1.89446734694766
2.617993878	0.9948376736	-1.5516862602978	-3.14089899005092	-6.68811152532334	2.9102635761405	1.69754621333068
2.617993878	1.0471975512	-2.51082191313214	-4.78239709420241	-6.41178774939513	2.91524877815863	1.53086781144762
2.617993878	1.0995574288	-3.37660181115851	-6.48612357803306	-6.28989630327259	2.95981972230212	1.38396059583427
2.617993878	1.1519173063	-4.12493802248542	-8.10136149816063	-6.3454110600278	3.05171045706891	1.24687914445475
2.617993878	1.2042771839	-4.74008142210155	-9.40831070412103	-6.55341611920986	-3.09176701921156	1.11190381740625
2.617993878	1.2566370614	-5.20668450352479	-10.1905805472544	-6.86503781415343	-2.92146867999469	0.974173746575187
2.617993878	1.308996939	-5.51683912666873	-10.4071941472881	-7.21938416706005	-2.75345518051863	0.831359575834866
2.617993878	1.3613568166	-5.67569939512438	-10.2283115785512	-7.55018178644873	-2.61503717391349	0.684202356222718
2.617993878	1.4137166941	-5.71008185643124	-9.88033266253324	-7.80584122897964	-2.51655710559704	0.536543880778813
2.617993878	1.4660765717	-5.66465823241174	-9.53611474306365	-7.95662804453722	-2.45598968154914	0.394291236239357
2.617993878	1.5184364492	-5.5842788265861	-9.27392343427822	-8.00726646005493	-2.426593447778	0.262966726612865
2.617993878	1.5707963268	-5.50678991451725	-9.11852387262683	-7.98890449805231	-2.4223057427304	0.147289743800521
2.617993878	1.6231562044	-5.45807809539758	-9.06743489884519	-7.94202628501708	-2.43641685495421	0.0486002227117205
2.617993878	1.6755160819	-5.46636873990477	-9.1220129713977	-7.91493028859382	-2.46229856722139	-0.0334867303980729
2.617993878	1.7278759595	-5.55470977826351	-9.28492551040932	-7.94763523702551	-2.49378118831597	-0.100339436399931
2.617993878	1.780235837	-5.75035107079938	-9.57242587397994	-8.07698025366319	-2.52753728344207	-0.152749527114075
2.617993878	1.8325957146	-6.07803639678913	-9.99481741962802	-8.33877722677417	-2.56349501465054	-0.189840328045966
2.617993878	1.8849555922	-6.55738368214798	-10.5472524832731	-8.76890602855769	-2.60573613227993	-0.208348522405275
2.617993878	1.9373154697	-7.20928869828366	-11.2041045781772	-9.41752931540793	-2.6625116445839	-0.203253073532711
2.617993878	1.9896753473	-8.03941565868791	-11.8941387035991	-10.3430551125283	-2.74162226304397	-0.168036663973812
2.617993878	2.0420352248	-9.03392614669005	-12.5130060896973	-11.6211529129472	-2.84872003632248	-0.0951558567573188
2.617993878	2.0943951024	-10.133999001558	-12.9493590966852	-13.348401910131	-2.97869260924385	0.0255200387980356
2.617993878	2.14675498	-11.2118298907434	-13.1407241092167	-15.6653983548665	-3.11562211008303	0.212755516262557
2.617993878	2.1991148575	-12.0808536068755	-13.1419149730505	-18.721026217311	3.04418294447502	0.515624107973962
2.617993878	2.2514747351	-12.5635327490983	-13.0725565410553	-22.1260213410928	2.94887894285853	1.06194851883524
2.617993878	2.3038346126	-12.6415958149275	-13.0628698682999	-22.9827262909986	2.88712008894007	1.87680962182937
2.617993878	2.3561944902	-12.4878416238524	-13.18657869641	-20.7672322597515	2.85861638532901	2.45530205149443
2.617993878	2.4085543678	-12.3870304661861	-13.4845233914424	-18.8980528820834	2.86022433446558	2.72681165675616
2.617993878	2.4609142453	-12.5886905118192	-13.9837146354051	-18.1995735237314	2.88785399210344	2.82452000181512
2.617993878	2.5132741229	-13.2159814938635	-14.7154832891813	-18.5625545962622	2.93923413254389	2.77839811158527
2.617993878	2.5656340004	-14.2203314122777	-15.7682687794962	-19.4516451238413	3.01636897654656	2.55635010438269
2.617993878	2.617993878	-15.2043090071979	-17.2211202203208	-19.5049508629616	3.13479682515917	2.17818700634775
2.617993878	2.6703537556	-15.5475413687932	-19.0959451594692	-18.0791200295534	-2.9481735302087	1.8476645884552
2.617993878	2.7227136331	-15.0879577965826	-20.9063480599209	-16.406896140692	-2.59574784606106	1.68211072092594
2.617993878	2.7750735107	-14.323772126149	-21.1465346512756	-15.3356289044367	-2.11244873941705	1.63812265068564
2.617993878	2.8274333882	-13.6451403110524	-19.491441573656	-14.9542171723207	-1.72933983485134	1.66350731398114
2.617993878	2.8797932658	-13.1756115906095	-17.547187821089	-15.1510361026015	-1.52657611219783	1.7245811029551
2.617993878	2.9321531434	-12.9383397425342	-16.1738557134347	-15.7345293638585	-1.4294818862724	1.79273765058626
2.617993878	2.9845130209	-13.0039518726658	-15.5469401433156	-16.5379788077054	-1.37545618216362	1.84013338997847
2.617993878	3.0368728985	-13.4685962993366	-15.7204720478072	-17.3983904163966	-1.32617332276567	1.84720233051788
2.617993878	3.089232776	-14.4056321897938	-16.7499298452123	-18.2028974151152	-1.25080767662077	1.81956135610622
2.617993878	3.1415926536	-15.8289185517664	-18.6995717983446	-18.9835051457218	-1.10930488466617	1.79506151218003
2.6703537556	-3.1415926536	-15.8288668853655	-18.2924201364203	-19.4647948963693	2.02092330837865	-1.35993939897117
2.6703537556	-3.089232776	-17.7169247169209	-21.002760345814	-20.4681321641445	2.28144348101708	-1.33180729280923
2.6703537556	-3.0368728985	-19.7961057407476	-23.4217528298174	-22.2675240497459	2.73420864522747	-1.16210291656349
2.6703537556	-2.9845130209	-21.2951971059211	-23.9155329511633	-24.7339625994509	-3.07474259877804	-0.698337600403563
2.6703537556	-2.9321531434	-21.0596188790879	-23.539609802619	-24.6741089114192	-2.84318211896963	0.10703127849045
2.6703537556	-2.8797932658	-19.3908725142129	-23.5100210847693	-21.5186316954061	-2.86500078949363	0.688562063899217
2.6703537556	-2.8274333882	-17.603881895719	-23.2369712016714	-18.9905237583853	-3.07148075284124	1.00400566931329
2.6703537556	-2.7750735107	-16.3389201140468	-21.8848817373951	-17.7587923749783	2.99421390216262	1.21877126403595
2.6703537556	-2.7227136331	-15.7326050856366	-20.0767706357255	-17.7238956527965	2.92480586904591	1.39256707701054
2.6703537556	-2.6703537556	-15.7163392506895	-18.6153268283391	-18.8408798085525	3.01205553535499	1.53426267702585
2.6703537556	-2.617993878	-16.0841202372727	-17.6468659577887	-21.2810477831288	-3.06188431008928	1.60728713636089
2.6703537556	-2.5656340004	-16.3885518720347	-16.9976020793435	-25.2208308603999	-2.7575377623312	1.45107038457613
2.6703537556	-2.5132741229	-16.0421067254079	-16.4115391508952	-26.9280066108944	-2.38099053197522	0.747239199879989
2.6703537556	-2.4609142453	-14.8366150077725	-15.6361372902594	-22.5797823780365	-1.96332540077662	0.340009273762997
2.6703537556	-2.4085543678	-13.1674094798464	-14.5647561836735	-18.7721670955381	-1.54426429893357	0.376878991663886
2.6703537556	-2.3561944902	-11.4697979177806	-13.2927493451941	-16.1195297887062	-1.16064505589947	0.55934524729798
2.6703537556	-2.3038346126	-9.96275076497932	-12.0437680767327	-14.1568762665489	-0.829832256749192	0.79802830913983
2.6703537556	-2.2514747351	-8.72974120105883	-11.0195529470258	-12.6043042495628	-0.550909483734447	1.05826737141216
2.6703537556	-2.1991148575	-7.78692493679228	-10.320617417545	-11.3326587271045	-0.312578020402545	1.32056006211377
2.6703537556	-2.14675498	-7.12843277968024	-9.98098826512366	-10.3024234614784	-0.104252632318846	1.57750545962209
2.6703537556	-2.0943951024	-6.71517614471622	-9.97614215901912	-9.48849188723676	0.0832250322816885	1.82889246663207
2.6703537556	-2.0420352248	-6.48455263051362	-10.2758899801559	-8.83309756800192	0.256743854323297	2.07835132952437
2.6703537556	-1.9896753473	-6.34238123747124	-10.8518894340538	-8.24030770479873	0.422297263839042	2.32624367635864
2.6703537556	-1.9373154697	-6.17932809798339	-11.6963020912096	-7.61046239573114	0.587576111650455	2.56697942870511
2.6703537556	-1.8849555922	-5.92062881289616	-12.8429867415413	-6.90672890441761	0.763372557558175	2.78881008792
2.6703537556	-1.8325957146	-5.53923706320406	-14.3390208279374	-6.15320051148883	0.969206813084562	2.9824200305296
2.6703537556	-1.780235837	-5.06592027793567	-16.2456491174789	-5.41020021302084	1.2376747144904	-3.13923807198426
2.6703537556	-1.7278759595	-4.54063573938424	-18.4213757672609	-4.72208328558404	1.63286353745161	-3.00733394341979
2.6703537556	-1.6755160819	-3.98356237869731	-19.883782514037	-4.09664718778487	2.22422386003643	-2.90030657959222
2.6703537556	-1.6231562044	-3.38861107743181	-18.953301880514	-3.51090805683459	2.88453063004679	-2.81396763058759
2.6703537556	-1.5707963268	-2.74225673605254	-16.3658518580197	-2.93502138065676	-2.91889780902865	-2.74608975465654
2.6703537556	-1.5184364492	-2.04090856177124	-13.6747791408589	-2.34975902981405	-2.62005132059001	-2.6957646960574
2.6703537556	-1.4660765717	-1.30370524376933	-11.3228903325063	-1.75915369497411	-2.43308622879405	-2.6627208395929
2.6703537556	-1.4137166941	-0.560610709777112	-9.30526022207892	-1.18300790774694	-2.31799783297776	-2.64678203584847
2.6703537556	-1.3613568166	0.152380936646419	-7.56095385257537	-0.65319644867461	-2.25385420596731	-2.64722776931085
2.6703537556	-1.308996939	0.806868696225598	-6.02834455915574	-0.201727322221818	-2.22602813709061	-2.66329742867789
2.6703537556	-1.2566370614	1.38894843429916	-4.66274489025394	0.149876264862651	-2.22360300819102	-2.69381395010686
2.6703537556	-1.2042771839	1.89359299415275	-3.4459398726512	0.391184651229477	-2.2384776043432	-2.73770505776867
2.6703537556	-1.1519173063	2.320285198538	-2.37143023240711	0.519071611003996	-2.26548413527812	-2.79291018272889
2.6703537556	-1.0995574288	2.66591284142314	-1.44112434712958	0.530479265442064	-2.30283051419212	-2.85626322982058
2.6703537556	-1.0471975512	2.93372871892566	-0.652143642305802	0.431569925262962	-2.35047765859667	-2.92329526629716
2.6703537556	-0.9948376736	3.11518688060301	0.00946987238370003	0.198252596079891	-2.40877009032476	-2.98772459675825
2.6703537556	-0.9424777961	3.21853113882823	0.563799169008507	-0.179065032716879	-2.47676036056616	-3.04260456356129
2.6703537556	-0.8901179185	3.26573817982473	1.0364557475855	-0.697519646975228	-2.55135006355427	-3.08026481712511
2.6703537556	-0.837758041	3.29207134585746	1.44829836246672	-1.31801748934929	-2.62795830787461	-3.09311051935429
2.6703537556	-0.7853981634	3.33470077326609	1.80208798752867	-1.93261201997366	-2.70091530124476	-3.07612550107857
2.6703537556	-0.7330382858	3.43240117523737	2.10619433477261	-2.3655714682367	-2.76691473411047	-3.0329480484357
2.6703537556	-0.6806784083	3.60406598829273	2.36652628014619	-2.45227206622088	-2.82518810079466	-2.98163307809949
2.6703537556	-0.6283185307	3.83858105770168	2.58462736075298	-2.1683485997424	-2.87780911648065	-2.94915614080129
2.6703537556	-0.5759586532	4.11363015631631	2.77716513826899	-1.65574661103432	-2.92980937768871	-2.95501825340332
2.6703537556	-0.5235987756	4.39772650765727	2.96420698854682	-1.11314245114923	-2.98721924628247	-3.00315189771439
2.6703537556	-0.47123889804	4.63520142140216	3.13343309057999	-0.705880297966531	-3.05475768739303	-3.08752851173103
2.6703537556	-0.41887902048	4.79308440048791	3.28724596790017	-0.538160805223869	-3.1350023381074	3.08283058485755
2.6703537556	-0.36651914292	4.83648974635965	3.39632075803265	-0.657422510684042	3.05545196779848	2.94751820947294
2.6703537556	-0.31415926536	4.74969650168206	3.43133718879308	-1.07032590286115	2.95252030971825	2.79369139709587
2.6703537556	-0.2617993878	4.53114788996693	3.36182046388721	-1.73888721738483	2.84194042208819	2.62487098361856
2.6703537556	-0.20943951024	4.19827651239937	3.17601013964775	-2.58503754913101	2.72642540056006	2.4464922769773
2.6703537556	-0.15707963268	3.7870246364164	2.88937898847517	-3.50086413485944	2.60830534541742	2.26783372995734
2.6703537556	-0.10471975512	3.33918064140205	2.52962238674976	-4.35467453637036	2.48885427668781	2.10116436859515
2.6703537556	-0.05235987756	2.93279846466679	2.17196440923618	-5.00700993454832	2.37062238881421	1.95748281031918
2.6703537556	-4.4408920985E-16	2.63665443270827	1.88009611776953	-5.32555366026793	2.25333556313742	1.83892667090355
2.6703537556	0.05235987756	2.51320461074238	1.71532331976725	-5.23809030127519	-1.00581089911622	-1.40573777900052
2.6703537556	0.10471975512	2.59394802299939	1.71573213871981	-4.77959309363458	-1.1282190959098	-1.50921024251183
2.6703537556	0.15707963268	2.8562312792232	1.87608319743006	-4.08955587777965	-1.26097060863985	-1.62404933160824
2.6703537556	0.20943951024	3.24104926720906	2.16413187653091	-3.34230756148678	-1.40810798764716	-1.75237143369235
2.6703537556	0.2617993878	3.68088766150777	2.54209670528228	-2.68947589073055	-1.57044975966404	-1.89065049524184
2.6703537556	0.31415926536	4.10202022805689	2.9547959152821	-2.24033192521129	-1.74474298992642	-2.03496484244709
2.6703537556	0.36651914292	4.45344412378998	3.3556239239612	-2.05644016192167	-1.92543116083457	-2.18312092091768
2.6703537556	0.41887902048	4.69257293088573	3.69093777818628	-2.1693709373723	-2.10678672769815	-2.33458897749662
2.6703537556	0.47123889804	4.79074415145605	3.91168940541861	-2.57905591174767	-2.28446954982598	-2.49077079923931
2.6703537556	0.5235987756	4.72186526390295	3.97023432038542	-3.26632798216241	-2.4564200040264	-2.65475399497857
2.6703537556	0.5759586532	4.48000105076516	3.84665414478424	-4.19425119737991	-2.62116409675547	-2.83163038048596
2.6703537556	0.6283185307	4.07356171839753	3.54012622618331	-5.29745036688864	-2.77819686771861	-3.02950883480761
2.6703537556	0.6806784083	3.50237442948772	3.04050863768433	-6.45919718463725	-2.92505612462808	3.02406853164761
2.6703537556	0.7330382858	2.79036839134738	2.36149953895177	-7.47689960473699	-3.05943853175531	2.75427886311811
2.6703537556	0.7853981634	1.94969478925408	1.49477922372575	-8.07431283527599	3.10516395807711	2.45110376387986
2.6703537556	0.837758041	0.99515014540151	0.42144614912024	-8.07950890616576	3.00542136678119	2.14600254676674
2.6703537556	0.8901179185	-0.0202531705818462	-0.852471084846363	-7.60519192254176	2.92738668424718	1.8765306509619
2.6703537556	0.9424777961	-1.05221647292589	-2.34624414435934	-6.94158425593821	2.87389279504891	1.6577195951704
2.6703537556	0.9948376736	-2.0329717218167	-4.04718100753014	-6.3380194165159	2.84917428564769	1.4829761451635
2.6703537556	1.0471975512	-2.90915717859171	-5.91681180416691	-5.92210407857582	2.86084986514483	1.33833560044965
2.6703537556	1.0995574288	-3.65660342765847	-7.85659198334365	-5.73402042908597	2.92069402011852	1.21109708223122
2.6703537556	1.1519173063	-4.27809421872731	-9.66320144165813	-5.76180451983546	3.04195427746812	1.09117368212613
2.6703537556	1.2042771839	-4.77923579344007	-11.0018229179031	-5.96332910958423	-3.05820386465251	0.972213275485087
2.6703537556	1.2566370614	-5.15610613460551	-11.5726987899295	-6.2811325922144	-2.845852316868	0.8495622989806
2.6703537556	1.308996939	-5.4024112135355	-11.4202654881911	-6.65271417836448	-2.65612606364931	0.720711843386197
2.6703537556	1.3613568166	-5.52536261666185	-10.8859601839712	-7.01909422888789	-2.5191041937462	0.585762407326087
2.6703537556	1.4137166941	-5.5458016725089	-10.2842743220307	-7.32317723485204	-2.43413593934814	0.446916693270115
2.6703537556	1.4660765717	-5.50336659700862	-9.78194628697892	-7.53327032622069	-2.39130988589834	0.308124951417921
2.6703537556	1.5184364492	-5.43210253161636	-9.43372574040292	-7.63583753885893	-2.38049814423072	0.175167553176048
2.6703537556	1.5707963268	-5.35885900617336	-9.23204515427213	-7.64962694182218	-2.39427521614925	0.0535607109500605
2.6703537556	1.6231562044	-5.30445694851539	-9.1535779490415	-7.61202027133304	-2.42562320580245	-0.0533772038846296
2.6703537556	1.6755160819	-5.28952903971727	-9.17967688101086	-7.5685536181062	-2.46689666795658	-0.144847972211447
2.6703537556	1.7278759595	-5.33627904709438	-9.30399028503349	-7.56257662357635	-2.51140151710027	-0.221943617143116
2.6703537556	1.780235837	-5.46583764231378	-9.53556518869159	-7.6251339484639	-2.55375630676437	-0.285834230220701
2.6703537556	1.8325957146	-5.70218970163375	-9.88646439065209	-7.78927377838927	-2.59255497389623	-0.336559125865094
2.6703537556	1.8849555922	-6.06936032955098	-10.3601298577081	-8.09201705320242	-2.62972389109235	-0.371785091840441
2.6703537556	1.9373154697	-6.59715999634529	-10.9436242520576	-8.58711392460546	-2.67148132435493	-0.387493321678496
2.6703537556	1.9896753473	-7.31730605549124	-11.6050201901448	-9.34177620296703	-2.72696044666636	-0.378328921012022
2.6703537556	2.0420352248	-8.2605488524986	-12.284496245458	-10.4495899913738	-2.8043354251522	-0.339865278057536
2.6703537556	2.0943951024	-9.4384652868122	-12.9091453187152	-12.0325445999888	-2.90834296656285	-0.266728680189437
2.6703537556	2.14675498	-10.810041123784	-13.3948162110552	-14.2921335326012	-3.03457478362251	-0.152093683147043
2.6703537556	2.1991148575	-12.2182797365831	-13.6984924628621	-17.6119872186938	3.11484842484752	0.0258149314872209
2.6703537556	2.2514747351	-13.3297595930725	-13.8405833055241	-22.8778008667066	2.99357864308831	0.37264375108038
2.6703537556	2.3038346126	-13.7739029086472	-13.9125397742638	-28.8020927452751	2.9022458445077	1.50910270624565
2.6703537556	2.3561944902	-13.5681529202649	-14.0081910495075	-23.729254419496	2.85133711272837	2.5715289557016
2.6703537556	2.4085543678	-13.182939575059	-14.2126357041145	-19.9383723319227	2.84324855487704	2.85696449858817
2.6703537556	2.4609142453	-13.0620224977298	-14.5692724435911	-18.3898637402064	2.87566445324445	2.94721134060023
2.6703537556	2.5132741229	-13.4358483153848	-15.1283272119337	-18.3472507857848	2.94369344054427	2.91622521202952
2.6703537556	2.5656340004	-14.2829382839612	-15.9538110367766	-19.2400319930902	3.04554608950923	2.73394585080692
2.6703537556	2.617993878	-15.2763067773208	-17.1293440827486	-19.8689330219221	-3.0927610014734	2.36887147530787
2.6703537556	2.6703537556	-15.7459766593601	-18.6240787991643	-18.8926251686316	-2.8741728376511	1.9781964059379
2.6703537556	2.7227136331	-15.3709748691158	-19.9935635356133	-17.2081512873789	-2.53499258134732	1.75404181956917
2.6703537556	2.7750735107	-14.5811155926086	-20.1339296647065	-15.9983408048898	-2.10221144392493	1.67856247565204
2.6703537556	2.8274333882	-13.8436077747004	-18.7756246591138	-15.5262972107421	-1.74476918609465	1.68925239035206
2.6703537556	2.8797932658	-13.3124283695085	-17.0727633472478	-15.6833494406574	-1.53798667754207	1.74450642736689
2.6703537556	2.9321531434	-13.0229146499062	-15.8073117809888	-16.271515870571	-1.43261711787976	1.81103829851385
2.6703537556	2.9845130209	-13.0399316526256	-15.2065484131752	-17.0983182858858	-1.37407841169538	1.85656087819875
2.6703537556	3.0368728985	-13.4689706958132	-15.3685893776184	-17.9753930434043	-1.32459387506474	1.85739756078931
2.6703537556	3.089232776	-14.3906045806164	-16.3745637767884	-18.747402091233	-1.25302465608961	1.81804260498586
2.6703537556	3.1415926536	-15.8288668853655	-18.2924201364203	-19.4647948963693	-1.12066934521115	1.78165325461862
2.7227136331	-3.1415926536	-15.8276874612471	-17.9254303679002	-19.9947420976919	2.01049219029358	-1.37506674507373
2.7227136331	-3.089232776	-17.762948715454	-20.6292126854328	-20.9222260377515	2.25682084844442	-1.35494977019512
2.7227136331	-3.0368728985	-19.9060019425216	-23.1045929875272	-22.7358361892359	2.69642355435058	-1.18621880732704
2.7227136331	-2.9845130209	-21.3648581228716	-23.5834858648168	-25.3440478494109	-3.11406447205859	-0.69999715775489
2.7227136331	-2.9321531434	-20.8890509787424	-22.9892594577633	-25.05213802087	-2.88658831895216	0.152366424563517
2.7227136331	-2.8797932658	-19.0384728732133	-22.56997550452	-21.5834714605442	-2.90756925066283	0.723842095259804
2.7227136331	-2.8274333882	-17.2120924942615	-21.903363796465	-19.0135343746488	-3.08016323958869	1.01865013675737
2.7227136331	-2.7750735107	-15.9761509594269	-20.5127231497921	-17.8593155046284	3.03876792174828	1.21198907119493
2.7227136331	-2.7227136331	-15.4197200981564	-18.9069557465022	-18.0003165071918	3.00155360818488	1.35618554237247
2.7227136331	-2.6703537556	-15.425700568989	-17.6413117943375	-19.4094186368018	3.10251263730864	1.44574604845748
2.7227136331	-2.617993878	-15.6859196981038	-16.7812246689767	-22.2045608249056	-2.96484496549476	1.40113420742922
2.7227136331	-2.5656340004	-15.6376369540166	-16.1443922980447	-25.2184108703226	-2.6593526554598	0.981225850597752
2.7227136331	-2.5132741229	-14.8234684903996	-15.4984298453292	-23.2416332678291	-2.29382823039237	0.388165955325339
2.7227136331	-2.4609142453	-13.4145878000546	-14.7103057589859	-19.2990896429601	-1.90143913338399	0.258582051871856
2.7227136331	-2.4085543678	-11.8670377328578	-13.7761513997478	-16.3562081733913	-1.51356925199959	0.368665242841615
2.7227136331	-2.3561944902	-10.4385484028233	-12.7735656826522	-14.248814614384	-1.15278407236153	0.572267114387241
2.7227136331	-2.3038346126	-9.22619338780649	-11.851202023528	-12.6593237522677	-0.830796337927562	0.817292537067851
2.7227136331	-2.2514747351	-8.2479962296761	-11.1331998787347	-11.3871029717156	-0.55012073319691	1.07894045099833
2.7227136331	-2.1991148575	-7.52444474049167	-10.7178447905958	-10.3590528855972	-0.305077270806044	1.3403340639448
2.7227136331	-2.14675498	-7.05675800461512	-10.6495639007651	-9.55352210252014	-0.0882410104558083	1.59623855338548
2.7227136331	-2.0943951024	-6.81965247337974	-10.9342250012891	-8.95030716220434	0.108848979330606	1.8482683976673
2.7227136331	-2.0420352248	-6.74786466219088	-11.5713704060098	-8.48286489704532	0.294941194386225	2.10087781502536
2.7227136331	-1.9896753473	-6.72435522745967	-12.5554888922783	-8.03878044530781	0.480919980012722	2.35494561141954
2.7227136331	-1.9373154697	-6.61776206108985	-13.9082785236515	-7.51480461018815	0.683880186237248	2.60308784725737
2.7227136331	-1.8849555922	-6.33274708495838	-15.6453059702389	-6.87388028456946	0.933618875749913	2.83149463114469
2.7227136331	-1.8325957146	-5.86655325393522	-17.6679641735037	-6.16330714964633	1.2851978845456	3.03012939528061
2.7227136331	-1.780235837	-5.28052999533952	-19.2696242711515	-5.45741420961803	1.80904107736654	-3.0870382413395
2.7227136331	-1.7278759595	-4.64502010895167	-18.9421056552483	-4.80956215142925	2.44351040360762	-2.95009965481849
2.7227136331	-1.6755160819	-3.98786269150404	-16.7942551960521	-4.22162846366756	2.96148561442265	-2.83727230989418
2.7227136331	-1.6231562044	-3.30520503829962	-14.2909557991557	-3.66588189629018	-2.96640708349287	-2.74497140669083
2.7227136331	-1.5707963268	-2.58181678749756	-12.024714798886	-3.10594481457928	-2.7147338810522	-2.67244567756083
2.7227136331	-1.5184364492	-1.81611217154147	-10.0447832580295	-2.52376368523648	-2.53013757159907	-2.61972649897751
2.7227136331	-1.4660765717	-1.02463719913231	-8.31523317418904	-1.92166150578322	-2.39654124180331	-2.58726495867582
2.7227136331	-1.4137166941	-0.241053618354284	-6.78990671581793	-1.3277307061643	-2.30734723987423	-2.57427363767771
2.7227136331	-1.3613568166	0.50042423697889	-5.43289809588193	-0.778449826372635	-2.2558419654674	-2.57907461484897
2.7227136331	-1.308996939	1.17549683282292	-4.21277859084096	-0.306923882858419	-2.23473128799157	-2.59952085604188
2.7227136331	-1.2566370614	1.77313179315512	-3.10462393308083	0.0645263941314448	-2.23631590538009	-2.6343398824402
2.7227136331	-1.2042771839	2.28942791668382	-2.10066652533038	0.324633243697981	-2.25389125700597	-2.68229619223482
2.7227136331	-1.1519173063	2.72464628235223	-1.20155700571349	0.47032876517866	-2.28288528792854	-2.7422982325221
2.7227136331	-1.0995574288	3.08118732860449	-0.413800121931493	0.506872040162135	-2.32133181095451	-2.81190718639464
2.7227136331	-1.0471975512	3.3515993435629	0.259025738116484	0.42204336023	-2.36916653814627	-2.88718772417981
2.7227136331	-0.9948376736	3.54004034020887	0.821181911415762	0.217325209086256	-2.42650276014332	-2.96284699668632
2.7227136331	-0.9424777961	3.64524319080089	1.28839073368571	-0.134539491518221	-2.49262552407648	-3.03178781016469
2.7227136331	-0.8901179185	3.68033912174428	1.68025958374865	-0.648759227778581	-2.56463009932429	-3.08607023833164
2.7227136331	-0.837758041	3.67225563588007	2.01148000996467	-1.30643561358451	-2.63784582044353	-3.11719335767625
2.7227136331	-0.7853981634	3.65792671310933	2.29074048586666	-2.02731427044039	-2.70742510916668	-3.11726698204257
2.7227136331	-0.7330382858	3.67821489310571	2.52469670771328	-2.643384397071	-2.76990378398654	-3.08414642202209
2.7227136331	-0.6806784083	3.76486264550898	2.72263350362635	-2.94404639656445	-2.82464973955722	-3.03013725171247
2.7227136331	-0.6283185307	3.92630017633056	2.89528604696944	-2.82421017792693	-2.87415911828904	-2.98340759444239
2.7227136331	-0.5759586532	4.15692743453976	3.06740566530461	-2.38193465357414	-2.92408184320306	-2.97159950913386
2.7227136331	-0.5235987756	4.41729466102141	3.24434387158809	-1.84103424312892	-2.98038185724661	-3.00532452309555
2.7227136331	-0.47123889804	4.65919762067148	3.4255213750553	-1.40887958113596	-3.04822912886919	-3.08084505488608
2.7227136331	-0.41887902048	4.82723678126021	3.58588472566905	-1.2175586519788	-3.12988571077231	3.09350719846761
2.7227136331	-0.36651914292	4.88163064703164	3.69550686123069	-1.33448474224692	3.05837544091619	2.95819308094357
2.7227136331	-0.31415926536	4.80358093202253	3.72382297853703	-1.76969724838808	2.95275569274598	2.80057270516947
2.7227136331	-0.2617993878	4.589534232346	3.64186954838215	-2.48698151376564	2.83949228125249	2.6241476607049
2.7227136331	-0.20943951024	4.25271545107289	3.43504544453581	-3.40176941767464	2.72156335623482	2.43452287358614
2.7227136331	-0.15707963268	3.82750821274458	3.1181086263139	-4.39129824532062	2.60141270840979	2.2415239507991
2.7227136331	-0.10471975512	3.36830966757921	2.7354118018204	-5.3088037348704	2.48109998310426	2.06056937798331
2.7227136331	-0.05235987756	2.9423634076531	2.35015701132825	-6.00348775329641	2.36180513342659	1.90662333953718
2.7227136331	-4.4408920985E-16	2.6365337527119	2.04819286481015	-6.33586904484835	2.2443036162231	1.78458387207924
2.7227136331	0.05235987756	2.51802860625223	1.89507286946746	-6.22299789631481	-1.01562294937999	-1.45656267276818
2.7227136331	0.10471975512	2.61112353358312	1.91854029688053	-5.70369039709526	-1.13957016580486	-1.55326485294512
2.7227136331	0.15707963268	2.89839159147385	2.11881927274256	-4.94484449503825	-1.27543696756286	-1.66144501219428
2.7227136331	0.20943951024	3.30905967822815	2.4489091160754	-4.14601797515534	-1.42690442109988	-1.78469265718554
2.7227136331	0.2617993878	3.76946538827194	2.86261432377745	-3.47855646183542	-1.59390012940822	-1.92025592732124
2.7227136331	0.31415926536	4.20698683509914	3.30279388586454	-3.05250061942747	-1.77248256764499	-2.06374634291511
2.7227136331	0.36651914292	4.5615554533186	3.70986486887571	-2.93235737872245	-1.95687543947628	-2.21309204362426
2.7227136331	0.41887902048	4.789478590637	4.02769061615316	-3.14535115044386	-2.14147624805099	-2.36828126351643
2.7227136331	0.47123889804	4.85998970538423	4.20658647896626	-3.6886469803921	-2.3222058632261	-2.53149302730467
2.7227136331	0.5235987756	4.75437766453233	4.21044134292043	-4.53711480390124	-2.49705689932322	-2.70705351260521
2.7227136331	0.5759586532	4.46697227826974	4.02092636990143	-5.63818954398953	-2.6654463718933	-2.90297329644222
2.7227136331	0.6283185307	3.99014440851663	3.62079848124267	-6.89672980887463	-2.8254488922276	-3.13084527915557
2.7227136331	0.6806784083	3.34545475220321	3.02369428361115	-8.11694850748349	-2.97591005194806	2.87784150638678
2.7227136331	0.7330382858	2.54067126513244	2.22184091203317	-8.96001519929183	-3.11396219722412	2.55265636249676
2.7227136331	0.7853981634	1.60991834922558	1.22309093320941	-9.08473048153836	3.04641859107667	2.20712545848088
2.7227136331	0.837758041	0.574037197879557	-0.000686260895274778	-8.49340986334472	2.9416473892249	1.89523731480331
2.7227136331	0.8901179185	-0.501210125480913	-1.45493237883969	-7.55297204286575	2.8572026474092	1.64750600400789
2.7227136331	0.9424777961	-1.54018485622244	-3.15255005946494	-6.62466298699092	2.79560965153982	1.45905233112695
2.7227136331	0.9948376736	-2.47039808506751	-5.09778240262535	-5.90066862970294	2.76168737883621	1.31146459630969
2.7227136331	1.0471975512	-3.25329384273794	-7.2697108475377	-5.44727752414154	2.76511731295976	1.18820395072537
2.7227136331	1.0995574288	-3.89606744825907	-9.58773329642155	-5.26087892188307	2.82384740788846	1.07772372355403
2.7227136331	1.1519173063	-4.43113645823686	-11.8186816180127	-5.30622003582663	2.96503458311628	0.971962345460808
2.7227136331	1.2042771839	-4.87640229264652	-13.433723677117	-5.52839711644175	-3.0828175285877	0.866064703959702
2.7227136331	1.2566370614	-5.22911534173548	-13.8877501475572	-5.86491935054559	-2.80680909479645	0.756778976614372
2.7227136331	1.308996939	-5.48166650749537	-13.3251717978856	-6.26118589660024	-2.58240347381457	0.641691658680395
2.7227136331	1.3613568166	-5.63542088901886	-12.3992313249349	-6.66287819747932	-2.44295833632032	0.519920733275335
2.7227136331	1.4137166941	-5.70581248152149	-11.535549237153	-7.02073154574247	-2.37193910689972	0.390924399533435
2.7227136331	1.4660765717	-5.72071593891005	-10.8867010204462	-7.29693136395759	-2.34826991735248	0.256946411288812
2.7227136331	1.5184364492	-5.69878125901247	-10.4629584645296	-7.46321579886076	-2.35855298110993	0.122744095007182
2.7227136331	1.5707963268	-5.65356777790741	-10.2203248276687	-7.5204346768676	-2.39404648744792	-0.00514138533449876
2.7227136331	1.6231562044	-5.60184404081407	-10.1104809649165	-7.50024810698657	-2.44804358557342	-0.12102531252099
2.7227136331	1.6755160819	-5.561283544311	-10.0949476322615	-7.44602749380344	-2.51190314182797	-0.222124914436663
2.7227136331	1.7278759595	-5.55577223679451	-10.1534362016483	-7.40613105634741	-2.57715920560418	-0.308916483073303
2.7227136331	1.780235837	-5.61002624638694	-10.3000802658993	-7.41209402059569	-2.63621106425785	-0.382511580893009
2.7227136331	1.8325957146	-5.74621498377482	-10.5434666645588	-7.49416632085522	-2.68562332169449	-0.444358068836749
2.7227136331	1.8849555922	-5.9911672987088	-10.8941804812593	-7.68764981143961	-2.72593079517025	-0.492694085692683
2.7227136331	1.9373154697	-6.37343394469956	-11.3416835973455	-8.0390819504606	-2.76122334530804	-0.523715443876643
2.7227136331	1.9896753473	-6.93709802629717	-11.8680360637216	-8.62029809264139	-2.80001409354691	-0.533803227445434
2.7227136331	2.0420352248	-7.7403066892159	-12.4547384645688	-9.52989050156395	-2.85126093603063	-0.518737382947477
2.7227136331	2.0943951024	-8.83327336484441	-13.0676691306794	-10.8897191269705	-2.92406629834988	-0.47759215530806
2.7227136331	2.14675498	-10.2461964930972	-13.6651196145155	-12.8830355329036	-3.02248931107944	-0.41111841876097
2.7227136331	2.1991148575	-11.9389352777787	-14.185953073786	-15.8758882885327	3.14088860864357	-0.322143944729631
2.7227136331	2.2514747351	-13.6430075861978	-14.5679994834004	-20.8137616528765	3.0149812167932	-0.208746227159019
2.7227136331	2.3038346126	-14.7400020427891	-14.8078312492682	-32.8375482548865	2.90637928141563	0.0417309160390876
2.7227136331	2.3561944902	-14.7672244603281	-14.9765317032629	-28.0414583191636	2.83697477545225	2.92909966797316
2.7227136331	2.4085543678	-14.1942738514633	-15.1665700723988	-21.1712130005023	2.81987834861901	3.05393731383609
2.7227136331	2.4609142453	-13.771054443898	-15.4381543753471	-18.7361997032932	2.85744368384789	3.08868968294618
2.7227136331	2.5132741229	-13.8818757041501	-15.854935211978	-18.2575612624407	2.94328441037846	3.04982157389854
2.7227136331	2.5656340004	-14.5517897165912	-16.4679904677721	-19.0281522427251	3.07081654569383	2.89297071603275
2.7227136331	2.617993878	-15.4722523698616	-17.336678477228	-20.043557929739	-3.04126495205136	2.55651689966365
2.7227136331	2.6703537556	-15.98731502226	-18.4472527261396	-19.6279835895196	-2.80590449999332	2.12759810867397
2.7227136331	2.7227136331	-15.652429008402	-19.3990181568987	-18.0333596954223	-2.47690745748344	1.84277611338602
2.7227136331	2.7750735107	-14.8443241424611	-19.3839763884843	-16.7258176730302	-2.08287117486862	1.73172742660918
2.7227136331	2.8274333882	-14.0490705085247	-18.1902905470616	-16.1629335496827	-1.74964040156886	1.7249315831314
2.7227136331	2.8797932658	-13.4584750986288	-16.6622735647813	-16.2835313276378	-1.5436299874688	1.77215515803336
2.7227136331	2.9321531434	-13.1143086765892	-15.483726804732	-16.8767140939477	-1.43296042887613	1.83504049700397
2.7227136331	2.9845130209	-13.0858044839161	-14.9104737035377	-17.7322448219524	-1.37110853862138	1.87686074124552
2.7227136331	3.0368728985	-13.477855180526	-15.0631068442721	-18.6232584584439	-1.32188852607224	1.86911956135934
2.7227136331	3.089232776	-14.3808001776391	-16.0368058069921	-19.3697493858237	-1.25469635774602	1.81636145376761
2.7227136331	3.1415926536	-15.8276874612471	-17.9254303679002	-19.9947420976919	-1.13110046329621	1.76652590851607
2.7750735107	-3.1415926536	-15.8305276313748	-17.6002419172334	-20.5841901221535	2.00119074695371	-1.39230127541707
2.7750735107	-3.089232776	-17.8029300320738	-20.2849962020104	-21.4147267866	2.23364306067388	-1.38076358755413
2.7750735107	-3.0368728985	-20.0026845342245	-22.8040193069455	-23.2325147357262	2.66077459095867	-1.21467469369955
2.7750735107	-2.9845130209	-21.4108798616004	-23.2618635102209	-26.0073678416825	3.13376780233391	-0.708647961566469
2.7750735107	-2.9321531434	-20.7062527585394	-22.4553525418758	-25.501187751852	-2.92103863845295	0.193553117880929
2.7750735107	-2.8797932658	-18.7036393588402	-21.7068929810248	-21.7209971010428	-2.93429075180144	0.755480401163204
2.7750735107	-2.8274333882	-16.8444246280756	-20.7698745433816	-19.0992548704231	-3.07580947686907	1.03039229073281
2.7750735107	-2.7750735107	-15.6242258443877	-19.3644573662765	-18.0098046743796	3.08195210711514	1.20210378162355
2.7750735107	-2.7227136331	-15.0844578152941	-17.9068413032889	-18.291174451834	3.0674028301455	1.31561738818707
2.7750735107	-2.6703537556	-15.0511083328646	-16.7610841903074	-19.9260224110708	-3.10579127712778	1.34743839662734
2.7750735107	-2.617993878	-15.1234274597029	-15.9517135630008	-22.7270297576824	-2.88860918409257	1.17404673258635
2.7750735107	-2.5656340004	-14.7345691979644	-15.2991163942863	-23.8746260192716	-2.5896936395122	0.62666001638957
2.7750735107	-2.5132741229	-13.6595589428419	-14.624149649523	-20.6673436490001	-2.24208901118837	0.238195286634929
2.7750735107	-2.4609142453	-12.2492336073523	-13.8804126445358	-17.2921523999244	-1.87835234345947	0.21965366740483
2.7750735107	-2.4085543678	-10.8835362443781	-13.1131391138181	-14.8463164313154	-1.52090572599992	0.363116027137845
2.7750735107	-2.3561944902	-9.71726357155823	-12.3983553372895	-13.0837886409276	-1.18285986786277	0.578871002877665
2.7750735107	-2.3038346126	-8.76928766940021	-11.8105152316622	-11.748878710101	-0.872267766546029	0.829442995143854
2.7750735107	-2.2514747351	-8.0331685475771	-11.4307925946006	-10.6878770246747	-0.59306980255425	1.09275904957446
2.7750735107	-2.1991148575	-7.52132310921493	-11.3366087373624	-9.85277013699701	-0.345534744932692	1.35538168229304
2.7750735107	-2.14675498	-7.24352315055373	-11.5987248016564	-9.22840669756058	-0.125392293139973	1.61279305148221
2.7750735107	-2.0943951024	-7.18312501977223	-12.27090536812	-8.79400649224501	0.0744912368557346	1.86800017159011
2.7750735107	-2.0420352248	-7.25945832724584	-13.4132325325237	-8.46534655338086	0.265339950659865	2.12630558868292
2.7750735107	-1.9896753473	-7.3313877047707	-15.1194929052234	-8.12188282601849	0.467217223608614	2.38700111444216
2.7750735107	-1.9373154697	-7.22518940791359	-17.5354723943123	-7.64961799512001	0.723490816456555	2.64082108389119
2.7750735107	-1.8849555922	-6.84977832291095	-20.6872893866531	-7.03307983404999	1.14835201490378	2.8727389087985
2.7750735107	-1.8325957146	-6.24131886759103	-22.6425855024472	-6.34193760691087	1.93461240662837	3.072781138603
2.7750735107	-1.780235837	-5.51085948892583	-20.0173054539649	-5.66751620032515	2.71097643743068	-3.04270742373538
2.7750735107	-1.7278759595	-4.74692354599342	-16.3342183935884	-5.05922673248719	3.13218309556797	-2.90225921117211
2.7750735107	-1.6755160819	-3.98056899923748	-13.3628600360656	-4.51253260723035	-2.89467109203055	-2.78362875699746
2.7750735107	-1.6231562044	-3.20338288298899	-11.0153623217667	-3.98912752082311	-2.70290410329189	-2.68452854939336
2.7750735107	-1.5707963268	-2.3992957139115	-9.08572923176715	-3.44764091763517	-2.54632720550212	-2.60591727873988
2.7750735107	-1.5184364492	-1.56742834898921	-7.43602314785427	-2.8686898051577	-2.41882097761982	-2.55003986929656
2.7750735107	-1.4660765717	-0.730405816791019	-5.99704574872919	-2.26330337855941	-2.32149208687636	-2.51784342096157
2.7750735107	-1.4137166941	0.0826231149860886	-4.7263282039131	-1.65954235813019	-2.25587112396154	-2.50811492634936
2.7750735107	-1.3613568166	0.841597740343209	-3.59317620909908	-1.09784109683017	-2.22049822245296	-2.51761009713377
2.7750735107	-1.308996939	1.52656474993144	-2.57526855662535	-0.612177033219459	-2.21101531933935	-2.5431737697191
2.7750735107	-1.2566370614	2.13046525531764	-1.64922413622675	-0.226454430341138	-2.22181812814022	-2.58246024144513
2.7750735107	-1.2042771839	2.65299502484061	-0.806118440061018	0.049440333636246	-2.24704525845332	-2.63439758465562
2.7750735107	-1.1519173063	3.09462620235522	-0.0486549867461365	0.213356271470546	-2.28253122331261	-2.6982809467136
2.7750735107	-1.0995574288	3.45603803379194	0.616108267731684	0.268410543138248	-2.32648327950211	-2.77269943566248
2.7750735107	-1.0471975512	3.73625581628588	1.18323996610508	0.214794106727103	-2.37853368626358	-2.85455573398215
2.7750735107	-0.9948376736	3.92991309170934	1.65176354931656	0.0384968820127072	-2.43872397884557	-2.93900345910853
2.7750735107	-0.9424777961	4.03744728522176	2.03288314574331	-0.283994769354873	-2.50609982750578	-3.01926254432136
2.7750735107	-0.8901179185	4.06758392383354	2.3423604476683	-0.775898938662257	-2.57799096095245	-3.08735330868623
2.7750735107	-0.837758041	4.03386011036728	2.58539660508564	-1.43902892927674	-2.64964790882413	-3.1343627546261
2.7750735107	-0.7853981634	3.97402901524791	2.78033974004301	-2.21808382927496	-2.71705029026615	3.13241268989529
2.7750735107	-0.7330382858	3.92963663656103	2.93693954468994	-2.96693715284695	-2.77671246860124	-3.13025202037407
2.7750735107	-0.6806784083	3.9394682969846	3.06590908536675	-3.45491209606999	-2.82826281280998	-3.07884143964412
2.7750735107	-0.6283185307	4.02975853398219	3.18636871046658	-3.50267372189005	-2.87449585683122	-3.02242824231306
2.7750735107	-0.5759586532	4.21126705664111	3.33035987599881	-3.15028569563816	-2.92180749031245	-2.99461434987294
2.7750735107	-0.5235987756	4.44338130363313	3.49480095016214	-2.62938134013961	-2.97646596471738	-3.01398739504261
2.7750735107	-0.47123889804	4.67485336428459	3.67268750105242	-2.1850451909978	-3.04387981225155	-3.07978512246582
2.7750735107	-0.41887902048	4.85034670133285	3.84119330168696	-1.98273508224428	-3.12640744509054	3.09938935525761
2.7750735107	-0.36651914292	4.91804711572687	3.95788399623355	-2.10758602107831	3.06015737830742	2.96464629138378
2.7750735107	-0.31415926536	4.85139757181764	3.98565099854861	-2.57822244959751	2.95225363832813	2.80350173324189
2.7750735107	-0.2617993878	4.64121176896008	3.89140400389901	-3.35664331117832	2.8366725316722	2.61906941269983
2.7750735107	-0.20943951024	4.30071317650156	3.66368890280557	-4.35018967059756	2.71649588531529	2.41632063486179
2.7750735107	-0.15707963268	3.86209199809654	3.31681286216064	-5.41934964322236	2.5942664105535	2.20638450628103
2.7750735107	-0.10471975512	3.38716978307015	2.90488309699857	-6.39653257901088	2.4726083798551	2.0079155412893
2.7750735107	-0.05235987756	2.95024834024238	2.5014956931289	-7.1299689833921	2.35311952961367	1.84085517454539
2.7750735107	-4.4408920985E-16	2.6374547486421	2.19177349022274	-7.47107974947577	2.23552619898415	1.71518687564791
2.7750735107	0.05235987756	2.51800561238075	2.04319634014209	-7.32988750615278	-1.02441255448259	-1.52082632106656
2.7750735107	0.10471975512	2.62947119547116	2.09743339062264	-6.75225048252	-1.14987634189362	-1.60740091431242
2.7750735107	0.15707963268	2.93610821585532	2.33152313996704	-5.92594690963924	-1.28812768640945	-1.70549185637696
2.7750735107	0.20943951024	3.37263525042219	2.70350819587847	-5.08039076223273	-1.44298868483882	-1.8210857523596
2.7750735107	0.2617993878	3.84863557795847	3.14501755714325	-4.40289821159214	-1.61365508469533	-1.95164182727986
2.7750735107	0.31415926536	4.29670229851994	3.60305955306066	-4.01198857298416	-1.79559028766432	-2.09303302798241
2.7750735107	0.36651914292	4.65181085397724	4.01029706198248	-3.97078153774612	-1.98278817353725	-2.24314441994361
2.7750735107	0.41887902048	4.86798071342883	4.30783850434223	-4.3039406835393	-2.16999743439015	-2.40251894592693
2.7750735107	0.47123889804	4.91437736868163	4.44796822591602	-5.00691288812012	-2.35365215553589	-2.57437204070382
2.7750735107	0.5235987756	4.76985823757894	4.39415016444447	-6.04597945378282	-2.53121244217727	-2.76551876985414
2.7750735107	0.5759586532	4.42759240335518	4.12883434918998	-7.3455772136907	-2.70252433304665	-2.98788771933612
2.7750735107	0.6283185307	3.89298711207068	3.64980397973136	-8.7465457241759	-2.86643316236198	3.02408251483468
2.7750735107	0.6806784083	3.16831976993722	2.94862234295948	-9.90065928178072	-3.02094756638697	2.68857105572228
2.7750735107	0.7330382858	2.28380696874812	2.03716473319161	-10.2960991637271	3.11896993260748	2.30689464432653
2.7750735107	0.7853981634	1.2585223660689	0.897310566083702	-9.7210556451567	2.98931357680983	1.94709458912333
2.7750735107	0.837758041	0.145783785872157	-0.482063881904032	-8.56365904009242	2.875025380133	1.6632373616899
2.7750735107	0.8901179185	-0.974150051591806	-2.11846541618272	-7.32613774162254	2.77713097515619	1.4561861530796
2.7750735107	0.9424777961	-2.00628128274413	-4.03587657266332	-6.28537867323501	2.69673556458316	1.3022114121646
2.7750735107	0.9948376736	-2.87806831924639	-6.26096254186396	-5.54522954437499	2.63683073732452	1.17995240996165
2.7750735107	1.0471975512	-3.57514256589518	-8.81831303753435	-5.11801256678424	2.60666394981868	1.07441319750016
2.7750735107	1.0995574288	-4.14017899044535	-11.721782472519	-4.97310169662223	2.63033732785781	0.976598500970131
2.7750735107	1.1519173063	-4.62488506741049	-14.8699299613893	-5.05606700721975	2.75959463624771	0.881603730765989
2.7750735107	1.2042771839	-5.05354237877049	-17.5462416983733	-5.30533511159808	3.06954824901253	0.786179629966764
2.7750735107	1.2566370614	-5.42035018953506	-18.1374408218176	-5.65910848658082	-2.78221748664145	0.688523667947107
2.7750735107	1.308996939	-5.71493727958045	-16.8031942648179	-6.06685040015849	-2.47209388649235	0.586608433473943
2.7750735107	1.3613568166	-5.93914529440373	-15.1844546652852	-6.48928100057139	-2.32735242474544	0.477713900268862
2.7750735107	1.4137166941	-6.10459364415915	-13.9273109919337	-6.88821184201937	-2.27915306061014	0.359779488444688
2.7750735107	1.4660765717	-6.22068340036827	-13.0801854768374	-7.22295217694331	-2.28504599729418	0.231998172208827
2.7750735107	1.5184364492	-6.28803407697086	-12.5680859296249	-7.45427120336468	-2.32673818518027	0.0977204578051522
2.7750735107	1.5707963268	-6.297733156749	-12.2721476240967	-7.56262546754127	-2.39628929974127	-0.0357161630487132
2.7750735107	1.6231562044	-6.25832778444216	-12.1054210556439	-7.56712606314905	-2.48592161915141	-0.160080546313318
2.7750735107	1.6755160819	-6.18975312869372	-11.9952346102282	-7.51328149883013	-2.58581914655808	-0.269980647930767
2.7750735107	1.7278759595	-6.12615668022549	-11.9239731501393	-7.45241929594058	-2.68465162362594	-0.364871000729644
2.7750735107	1.780235837	-6.09845111081054	-11.8985445205068	-7.42390081801266	-2.77222939555725	-0.446511212547135
2.7750735107	1.8325957146	-6.13218591908608	-11.9577330803151	-7.44858741205148	-2.84239466486116	-0.516806923844471
2.7750735107	1.8849555922	-6.2527368088362	-12.1114382776805	-7.55745986587322	-2.89360169065715	-0.575224371951396
2.7750735107	1.9373154697	-6.49116208601167	-12.3613652628669	-7.79186178803897	-2.92844709253015	-0.619023599841136
2.7750735107	1.9896753473	-6.89392093222015	-12.6878447250858	-8.2215746442188	-2.95416938266357	-0.643346521918535
2.7750735107	2.0420352248	-7.5288865877921	-13.0867079585026	-8.94418117594356	-2.98110192876522	-0.645741378411611
2.7750735107	2.0943951024	-8.46989448086252	-13.5629628912958	-10.078403358141	-3.02105644026099	-0.626332951961254
2.7750735107	2.14675498	-9.78930725569153	-14.1183850685941	-11.7893988060577	-3.08409883602554	-0.589619134858419
2.7750735107	2.1991148575	-11.5182610102036	-14.7178708856836	-14.3471595743868	3.1087830807453	-0.549365430704442
2.7750735107	2.2514747351	-13.5473953077674	-15.2907996484131	-18.3538375377472	2.99787821123249	-0.539497214047925
2.7750735107	2.3038346126	-15.322009075323	-15.7433075409897	-25.6628998994065	2.88746175765539	-0.735026378149522
2.7750735107	2.3561944902	-15.8939088217491	-16.0670197095441	-29.9747760357879	2.80797858357088	-2.44616807135569
2.7750735107	2.4085543678	-15.3176332127519	-16.3243833359949	-22.1599147592772	2.78547434712349	-2.94620896002039
2.7750735107	2.4609142453	-14.6555450144423	-16.5945872097171	-19.0910236361273	2.83052545909372	-3.02668851925894
2.7750735107	2.5132741229	-14.5233251262736	-16.9035122982567	-18.2709327341231	2.93863617225823	-3.09609495222921
2.7750735107	2.5656340004	-15.0080330085691	-17.3011898190613	-18.8777824383893	3.09634842055484	3.03956301862198
2.7750735107	2.617993878	-15.8152797875806	-17.8404106040009	-20.101881628111	-2.98711119568374	2.73254247777487
2.7750735107	2.6703537556	-16.2869532854792	-18.5239851033474	-20.2386845196755	-2.7358588926553	2.28818558889906
2.7750735107	2.7227136331	-15.9437597323065	-19.0558435430403	-18.8546067770668	-2.4158516329502	1.94739660758778
2.7750735107	2.7750735107	-15.1008118805571	-18.8384530744142	-17.488287913868	-2.05439823072536	1.79801055053657
2.7750735107	2.8274333882	-14.2554110466851	-17.7231756136424	-16.8518743954264	-1.74510303189	1.77146770142175
2.7750735107	2.8797932658	-13.6095765101234	-16.3199937190365	-16.9420123729947	-1.54354701666852	1.80854318943797
2.7750735107	2.9321531434	-13.2113520101382	-15.2036003277091	-17.5538716366744	-1.4304461307514	1.86586680028948
2.7750735107	2.9845130209	-13.1355032921748	-14.649821086687	-18.446356491824	-1.36667437990865	1.90166997884613
2.7750735107	3.0368728985	-13.4906999105152	-14.7905303995489	-19.3633933464128	-1.31846837798913	1.88308381372723
2.7750735107	3.089232776	-14.3767208708116	-15.7432864366362	-20.0636397894362	-1.25557404850397	1.81394260057509
2.7750735107	3.1415926536	-15.8305276313748	-17.6002419172334	-20.5841901221535	-1.14040190663609	1.74929137817272
2.8274333882	-3.1415926536	-15.828682972693	-17.3018890034106	-21.2396917207339	1.99207945714329	-1.41211373441462
2.8274333882	-3.089232776	-17.837068312423	-19.9682381415763	-21.9508275400702	2.21168701389973	-1.40974303460103
2.8274333882	-3.0368728985	-20.0869095015439	-22.5208369495981	-23.7619525746459	2.62669103363192	-1.24802173122799
2.8274333882	-2.9845130209	-21.4376625502804	-22.9580165066569	-26.7340816157565	3.10134990192056	-0.726101401166953
2.8274333882	-2.9321531434	-20.5242191843113	-21.9562712585892	-26.0388426924539	-2.94849607943351	0.230103735745177
2.8274333882	-2.8797932658	-18.3951663211034	-20.9330109644008	-21.9356639978918	-2.95048576075045	0.783896000521061
2.8274333882	-2.8274333882	-16.5071257461123	-19.8024991378562	-19.2499175745984	-3.06500744410056	1.03965823298945
2.8274333882	-2.7750735107	-15.2857821369103	-18.3929677279534	-18.201310773816	3.12169503038293	1.19006350904534
2.8274333882	-2.7227136331	-14.7291999059235	-17.0264935077285	-18.5930088905231	3.12329923943668	1.27274134974502
2.8274333882	-2.6703537556	-14.6104632461949	-15.9534967620557	-20.3616631189266	-3.04517126917178	1.24644135422437
2.8274333882	-2.617993878	-14.4824021047887	-15.167118575881	-22.8429985659464	-2.8311362410108	0.959706702919155
2.8274333882	-2.5656340004	-13.8450268679201	-14.4939440230643	-22.4213967393831	-2.54373162656159	0.408657227742276
2.8274333882	-2.5132741229	-12.6629918512157	-13.8056395681741	-19.0205159953262	-2.21782615669234	0.154720907383426
2.8274333882	-2.4609142453	-11.3359700524075	-13.1205221766422	-16.0602860895207	-1.88320832522558	0.188673259903126
2.8274333882	-2.4085543678	-10.1659248693773	-12.522467067301	-13.9461381325565	-1.55631953666212	0.349932730778201
2.8274333882	-2.3561944902	-9.23800069162733	-12.0689159948463	-12.4354151844514	-1.24381765942846	0.573374609868124
2.8274333882	-2.3038346126	-8.53671768914153	-11.8064370123503	-11.3022247243987	-0.950501614658543	0.828014037735878
2.8274333882	-2.2514747351	-8.03726588208988	-11.7748014788811	-10.4248192982087	-0.681526255732994	1.09437650785887
2.8274333882	-2.1991148575	-7.74318780444938	-12.0439183952973	-9.75994657243309	-0.441099095704336	1.3600983125777
2.8274333882	-2.14675498	-7.66632296241422	-12.714112420154	-9.29528349742031	-0.229442396124914	1.62225450923153
2.8274333882	-2.0943951024	-7.7831969347278	-13.9106733178471	-8.99753540359955	-0.0432798084979768	1.88443871194094
2.8274333882	-2.0420352248	-7.98748967607613	-15.8363462768084	-8.76595772940816	0.127150511393199	2.1512659701338
2.8274333882	-1.9896753473	-8.09487275726571	-18.960224546984	-8.46613431075444	0.308367891839219	2.42014474727851
2.8274333882	-1.9373154697	-7.89781703764619	-24.6209427240704	-7.99117063573397	0.617043588778941	2.67828169610326
2.8274333882	-1.8849555922	-7.34152071126798	-31.449334273161	-7.35841918982908	2.18574659565427	2.91017201810208
2.8274333882	-1.8325957146	-6.53758635509236	-21.8734908581932	-6.66659786804653	-3.12731145554694	3.10795585158789
2.8274333882	-1.780235837	-5.64365601172846	-16.5032991444016	-6.01542740754148	-2.90215984191941	-3.00890243949499
2.8274333882	-1.7278759595	-4.75187791710191	-13.0632563449099	-5.44505540319497	-2.76167116602064	-2.8667382358029
2.8274333882	-1.6755160819	-3.8831371649778	-10.5373759740191	-4.94031373489895	-2.63972215764194	-2.74331006722344
2.8274333882	-1.6231562044	-3.02057120898287	-8.53976685089113	-4.45083867062253	-2.52348712951555	-2.63739644502763
2.8274333882	-1.5707963268	-2.1464495029244	-6.87157718503063	-3.93058921779253	-2.41518847926335	-2.5524562834833
2.8274333882	-1.5184364492	-1.26357261549043	-5.42998214829845	-3.36171615872773	-2.32130648489664	-2.49281963812469
2.8274333882	-1.4660765717	-0.39610718771372	-4.16337683725426	-2.761999204192	-2.24841258232009	-2.46056275505257
2.8274333882	-1.4137166941	0.429405994276742	-3.04503570500167	-2.16160161991033	-2.20075134815714	-2.45375149851451
2.8274333882	-1.3613568166	1.18997915713884	-2.05299384421099	-1.59948187504332	-2.17882436651308	-2.46812840627765
2.8274333882	-1.308996939	1.87280085630407	-1.16522600938846	-1.10994808737216	-2.17989218169262	-2.49897786595853
2.8274333882	-1.2566370614	2.4739816831454	-0.363367960283295	-0.716442720597042	-2.19923995323979	-2.54295761308032
2.8274333882	-1.2042771839	2.99609704017544	0.363546132197082	-0.427965901435468	-2.2319824573538	-2.59879504997619
2.8274333882	-1.1519173063	3.43979330268154	1.01504728554362	-0.247498565853732	-2.27431760327908	-2.66611915758339
2.8274333882	-1.0995574288	3.80466590492786	1.58360821751772	-0.17088174466314	-2.32448717037913	-2.74417340750769
2.8274333882	-1.0471975512	4.08792024699846	2.06274829465425	-0.198612352610485	-2.38201571168757	-2.83090746427995
2.8274333882	-0.9948376736	4.28747094785447	2.45431635839112	-0.342765725272371	-2.44677717124511	-2.92189694395483
2.8274333882	-0.9424777961	4.39482398631308	2.75570740383507	-0.630732996403023	-2.51690776141503	-3.01067547846832
2.8274333882	-0.8901179185	4.42149230729376	2.98925969749136	-1.09266904582249	-2.5905970674719	-3.08957285178674
2.8274333882	-0.837758041	4.37181278527984	3.15357776625297	-1.74360778993557	-2.66270278949173	3.13378691995225
2.8274333882	-0.7853981634	4.27997677586567	3.2698359953645	-2.54933241840472	-2.72928441025342	3.1032809852879
2.8274333882	-0.7330382858	4.17497172321701	3.33756510889947	-3.38548504719214	-2.78669543696851	3.11115443104622
2.8274333882	-0.6806784083	4.11617734875215	3.39203186090471	-4.0204503632348	-2.83535718978894	-3.12630785784303
2.8274333882	-0.6283185307	4.14255508469597	3.45900899726736	-4.22490127544614	-2.87863282309982	-3.06442157528488
2.8274333882	-0.5759586532	4.26744138629691	3.5618563413386	-3.97292519950605	-2.92278693819458	-3.02324613007448
2.8274333882	-0.5235987756	4.46945958202876	3.7115228349549	-3.48551216069312	-2.97541454749259	-3.02872501310684
2.8274333882	-0.47123889804	4.69042149995574	3.88893099739606	-3.04302167981638	-3.04198759654206	-3.08449567584978
2.8274333882	-0.41887902048	4.87237618861303	4.0673111992493	-2.84347357054246	-3.12488162284225	3.10014181989932
2.8274333882	-0.36651914292	4.94748995508603	4.18671704286169	-2.99263779247251	3.06042071731725	2.96639722121663
2.8274333882	-0.31415926536	4.89121897641385	4.21431275650411	-3.51539705066014	2.95077667332956	2.80173467496692
2.8274333882	-0.2617993878	4.68404396704612	4.10828238053057	-4.37607308195087	2.83306483055731	2.60824062982836
2.8274333882	-0.20943951024	4.33942389857131	3.85954747504688	-5.46485417292861	2.71081511889697	2.38989557320395
2.8274333882	-0.15707963268	3.8962922279753	3.49210027795947	-6.61620297591387	2.58723371464786	2.15862067941829
2.8274333882	-0.10471975512	3.40481694473057	3.0497735653137	-7.64652434617644	2.46421337028127	1.93732948535033
2.8274333882	-0.05235987756	2.95711872744322	2.62685895794911	-8.39625114274431	2.34454097776093	1.75383149150597
2.8274333882	-4.4408920985E-16	2.63505074670426	2.3062898604544	-8.73733446726023	2.22733351279552	1.62345843139566
2.8274333882	0.05235987756	2.5238622235031	2.17302282587419	-8.57713616389358	-1.03304762298652	-1.60473440655109
2.8274333882	0.10471975512	2.6442753945355	2.24769964945746	-7.94708532026216	-1.15888983529897	-1.67660109492028
2.8274333882	0.15707963268	2.97082846620379	2.51646624748668	-7.05819316561975	-1.29898405764838	-1.75979378342925
2.8274333882	0.20943951024	3.42240271326313	2.91731942445063	-6.17190477949501	-1.4563348056607	-1.86396852497712
2.8274333882	0.2617993878	3.91877736720799	3.39094420494926	-5.49534294076591	-1.62975165326301	-1.98710912632182
2.8274333882	0.31415926536	4.37066912548898	3.85663375518155	-5.15172686132603	-1.81418810580747	-2.12496460807539
2.8274333882	0.36651914292	4.7270767255787	4.26224922724908	-5.2081892660965	-2.00339224036491	-2.27535283835067
2.8274333882	0.41887902048	4.92884880113727	4.53475449365594	-5.68854988718017	-2.19265275048927	-2.43973137388216
2.8274333882	0.47123889804	4.95163521710832	4.6357424477643	-6.58780009198809	-2.37817351896062	-2.62339985352534
2.8274333882	0.5235987756	4.77049446769409	4.52674727424401	-7.85925600686743	-2.55879456166089	-2.83711546596578
2.8274333882	0.5759586532	4.37801530464246	4.19151235877966	-9.38588861139971	-2.73323225046159	-3.09988874386363
2.8274333882	0.6283185307	3.78165630341082	3.62985290734351	-10.8590525459297	-2.90092569629788	2.84689237914634
2.8274333882	0.6806784083	2.98443932122302	2.83254828311173	-11.6538064652222	-3.06038136630081	2.43607842641802
2.8274333882	0.7330382858	2.01409319121251	1.80448765192563	-11.2541036311114	3.07288177587783	2.02300652700552
2.8274333882	0.7853981634	0.90915361243437	0.538100477628374	-9.95853417754019	2.9336897885191	1.69483123003501
2.8274333882	0.837758041	-0.273359238407695	-0.991939834170833	-8.44078493038813	2.80527228108085	1.46518490084234
2.8274333882	0.8901179185	-1.43120838057085	-2.8071438582414	-7.09289016939826	2.68628589240331	1.30402828046346
2.8274333882	0.9424777961	-2.45170224095113	-4.93818270576791	-6.05777989512398	2.57415926127868	1.18249449914886
2.8274333882	0.9948376736	-3.26797619083538	-7.43039520530185	-5.36860016003795	2.46670476365769	1.08175578614515
2.8274333882	1.0471975512	-3.89420786899221	-10.3648264898878	-5.00338704356196	2.36552256195337	0.990490796460473
2.8274333882	1.0995574288	-4.40231181893039	-13.9132638325848	-4.91778726418474	2.28103727228568	0.902878025732931
2.8274333882	1.1519173063	-4.85360003445159	-18.5110498744484	-5.0448344092779	2.25516842602376	0.816243203718143
2.8274333882	1.2042771839	-5.27323115506089	-25.1851735323899	-5.31777785170882	2.47723552934106	0.729414923841608
2.8274333882	1.2566370614	-5.65743749118058	-28.8614184223894	-5.67825490008305	-2.61401736129371	0.642155231938026
2.8274333882	1.308996939	-5.99915680774998	-23.1239101660905	-6.08418312232234	-2.05956524438311	0.552512906830993
2.8274333882	1.3613568166	-6.30277040722397	-19.677576012947	-6.5071717451992	-1.99810963864643	0.456742043166587
2.8274333882	1.4137166941	-6.58345490404711	-17.7657261725401	-6.92752515462902	-2.03582705846202	0.350117703608376
2.8274333882	1.4660765717	-6.83454771622729	-16.7059683384241	-7.30664707066328	-2.11379795470855	0.229329806724354
2.8274333882	1.5184364492	-7.02565176557767	-16.1343409012309	-7.59457135745647	-2.22221769197031	0.0962336175147657
2.8274333882	1.5707963268	-7.12433528697264	-15.8097310055178	-7.75593522264512	-2.36012288691434	-0.041481934575935
2.8274333882	1.6231562044	-7.11572251391297	-15.5307918492685	-7.79120456353989	-2.52004372148306	-0.173082622670651
2.8274333882	1.6755160819	-7.02909353478122	-15.1889366946503	-7.74903989943755	-2.68791745405275	-0.290568566104098
2.8274333882	1.7278759595	-6.90923701539855	-14.7776861017663	-7.68386905978101	-2.84551572940901	-0.391661014250502
2.8274333882	1.780235837	-6.80400588131772	-14.3642039626866	-7.64146751159572	-2.97869517011914	-0.478954737835307
2.8274333882	1.8325957146	-6.74416577298034	-14.0414223164214	-7.63966341092599	-3.07996544083898	-0.555380747226435
2.8274333882	1.8849555922	-6.75264646337118	-13.8456490898983	-7.69630036822716	3.13566460882338	-0.622251444723776
2.8274333882	1.9373154697	-6.86018595829529	-13.7912228511789	-7.8440765307247	3.09959483429197	-0.676320694832906
2.8274333882	1.9896753473	-7.11599734552914	-13.8590951648742	-8.14899979919506	3.08816207519652	-0.713421287843819
2.8274333882	2.0420352248	-7.59348243640991	-14.03731782461	-8.71048599324659	3.08937202886424	-0.730241822747981
2.8274333882	2.0943951024	-8.37402176405784	-14.325714634014	-9.64662326259101	3.08734680937345	-0.727398749172343
2.8274333882	2.14675498	-9.54700814521676	-14.7691819789811	-11.0988652392544	3.06633691214565	-0.711740314797857
2.8274333882	2.1991148575	-11.1823087926775	-15.3625580922842	-13.2718783730125	3.01531777748418	-0.69892802290838
2.8274333882	2.2514747351	-13.2741523941611	-16.0538075766177	-16.5280365890828	2.93311548836524	-0.73136979065319
2.8274333882	2.3038346126	-15.47368625631	-16.7248005773914	-21.4891094210766	2.83495993249858	-0.947428330179994
2.8274333882	2.3561944902	-16.7177481540188	-17.2709225485877	-25.9406223547484	2.75477957449066	-1.82663733369264
2.8274333882	2.4085543678	-16.4064004130574	-17.7000682831506	-22.2968049283318	2.73130007830325	-2.61048940564908
2.8274333882	2.4609142453	-15.6274093088835	-18.049098759609	-19.318792331164	2.78942285498997	-2.8345490780748
2.8274333882	2.5132741229	-15.3105873856678	-18.3118756004609	-18.329917822681	2.92829106759385	-2.9507505123416
2.8274333882	2.5656340004	-15.6318602224958	-18.4806737754815	-18.8098839041662	3.12574175533943	-3.1031386720675
2.8274333882	2.617993878	-16.3031728360797	-18.6316634385176	-20.1226224265177	-2.92392438341611	2.89476911568556
2.8274333882	2.6703537556	-16.6650600518705	-18.8338567354419	-20.7200789280735	-2.6569844106941	2.45144479334746
2.8274333882	2.7227136331	-16.242302984928	-18.9086131262768	-19.6262009871251	-2.34777560245602	2.06512046474216
2.8274333882	2.7750735107	-15.3481468451963	-18.4607543217794	-18.2584939942604	-2.01698731158623	1.87745965039498
2.8274333882	2.8274333882	-14.4579398969009	-17.3579159923285	-17.5814394845382	-1.73172438903573	1.82983840143634
2.8274333882	2.8797932658	-13.7620926190211	-16.0331354550729	-17.6638332695666	-1.53781716074805	1.85529959054872
2.8274333882	2.9321531434	-13.3113427399325	-14.9673406008076	-18.3003086833407	-1.42484275051503	1.90463834874375
2.8274333882	2.9845130209	-13.1893327617305	-14.4259645346005	-19.2484257925246	-1.3607029678321	1.93205726868267
2.8274333882	3.0368728985	-13.5086604272872	-14.5571798963389	-20.1944557122332	-1.31415260159813	1.89920869364423
2.8274333882	3.089232776	-14.3724395148739	-15.4800848176073	-20.8483337553091	-1.25605574122999	1.81058702634058
2.8274333882	3.1415926536	-15.828682972693	-17.3018890034106	-21.2396917207339	-1.1495131964465	1.72947891917518
2.8797932658	-3.1415926536	-15.8290373895201	-17.0391016570586	-21.9697891260975	1.98372797312148	-1.43539291614792
2.8797932658	-3.089232776	-17.8650125761942	-19.6771352952871	-22.5355815668657	2.19063138725408	-1.44259818458195
2.8797932658	-3.0368728985	-20.1569637041653	-22.2547270625294	-24.3239854055735	2.59354716952877	-1.28734438565174
2.8797932658	-2.9845130209	-21.4504483803015	-22.6797066867182	-27.5320013760487	3.07082254561622	-0.754931094154923
2.8797932658	-2.9321531434	-20.3522549481108	-21.5010777495362	-26.6893241301708	-2.97114826494964	0.26242514959881
2.8797932658	-2.8797932658	-18.1202240920677	-20.2489752237026	-22.2378041035222	-2.96020202009376	0.80927939174511
2.8797932658	-2.8274333882	-16.1991649667249	-18.965023775631	-19.4684892443679	-3.05172838609456	1.04649328988885
2.8797932658	-2.7750735107	-14.964497975721	-17.5611948028251	-18.431977210455	-3.12608030320818	1.17664739135093
2.8797932658	-2.7227136331	-14.364759097537	-16.2460979476678	-18.9046966248332	-3.11325608479011	1.22958689501155
2.8797932658	-2.6703537556	-14.1409187435265	-15.2189452541748	-20.720336716653	-2.99732227999244	1.15021130596117
2.8797932658	-2.617993878	-13.8380628508332	-14.4378377889946	-22.732459547968	-2.78981794354642	0.782395750818171
2.8797932658	-2.5656340004	-13.0484893290577	-13.7421181294124	-21.3572607256687	-2.51755383175931	0.271522606829949
2.8797932658	-2.5132741229	-11.8599086627142	-13.0557417729904	-18.0452515177007	-2.21393775517184	0.0927563172608102
2.8797932658	-2.4609142453	-10.6473515651552	-12.4242575791446	-15.3867528815228	-1.90727386863958	0.152872836651278
2.8797932658	-2.4085543678	-9.65834346821669	-11.9583543036332	-13.5182579867513	-1.61019701780797	0.322980054836108
2.8797932658	-2.3561944902	-8.94710054200122	-11.715920661512	-12.2131019271065	-1.32596718910711	0.550425435223802
2.8797932658	-2.3038346126	-8.47973912702491	-11.7298126912733	-11.2628135957033	-1.05725068237596	0.808156779137991
2.8797932658	-2.2514747351	-8.21753625700211	-12.017868857333	-10.5596400617596	-0.80965975734043	1.07788289489684
2.8797932658	-2.1991148575	-8.15642146658696	-12.6558744869265	-10.0598688403376	-0.591098603551178	1.349544010615
2.8797932658	-2.14675498	-8.2914714733772	-13.7619949091338	-9.74087181687483	-0.408445484828863	1.62060144717748
2.8797932658	-2.0943951024	-8.58070672844118	-15.5639718968776	-9.55141706811586	-0.270246597611903	1.89444621094855
2.8797932658	-2.0420352248	-8.8676933468589	-18.5015213970672	-9.36792728464823	-0.194012239270263	2.17388630232658
2.8797932658	-1.9896753473	-8.91061644860623	-23.8646459134535	-9.05168021061204	-0.267346895032462	2.45237214901428
2.8797932658	-1.9373154697	-8.50481548538187	-32.1834109218392	-8.52347315149745	-1.53703373516732	2.71350788448197
2.8797932658	-1.8849555922	-7.68329254611042	-22.2713439261661	-7.8369808894903	-2.53878349222859	2.94204567484669
2.8797932658	-1.8325957146	-6.66100687223878	-16.5881410098077	-7.12675396930151	-2.62520173471888	3.13407802894612
2.8797932658	-1.780235837	-5.61290981763811	-13.0036342863757	-6.48728399365068	-2.60914355259542	-2.98708851117915
2.8797932658	-1.7278759595	-4.61785246058665	-10.3900226043021	-5.95331136204183	-2.55799326622986	-2.84576384480238
2.8797932658	-1.6755160819	-3.67214954035387	-8.33237194340106	-5.4896393419521	-2.4875996984779	-2.71918482782669
2.8797932658	-1.6231562044	-2.74943971715845	-6.62697547530417	-5.0371888128559	-2.40625893975135	-2.60800329133102
2.8797932658	-1.5707963268	-1.83155308152699	-5.16057616258442	-4.54492983768788	-2.32403847293617	-2.51726285147784
2.8797932658	-1.5184364492	-0.922116118443306	-3.8690907687906	-3.99667841972053	-2.25046236566555	-2.45381207402568
2.8797932658	-1.4660765717	-0.0446784237659181	-2.7234122674585	-3.41396616178606	-2.19390883301405	-2.42076971008765
2.8797932658	-1.4137166941	0.777959166537449	-1.70685250157854	-2.83027898934615	-2.1590352523015	-2.41627322604091
2.8797932658	-1.3613568166	1.52850953209469	-0.805212675358976	-2.2835762741722	-2.1469921780288	-2.43491330769998
2.8797932658	-1.308996939	2.20105912797158	-0.0010438358269302	-1.80303424398669	-2.1556367417646	-2.47061885645959
2.8797932658	-1.2566370614	2.79588054708603	0.721366122628261	-1.40884412995478	-2.18116039686545	-2.51933344185502
2.8797932658	-1.2042771839	3.31450442655839	1.37109003691531	-1.11321643108927	-2.21911387199352	-2.57916161235675
2.8797932658	-1.1519173063	3.75829635501571	1.94824151105328	-0.91626906501973	-2.26651678251483	-2.64971350658828
2.8797932658	-1.0995574288	4.12440436763227	2.44612987939661	-0.816956804778573	-2.32155991157961	-2.73078634475692
2.8797932658	-1.0471975512	4.41106881645801	2.86121087454366	-0.815763133987512	-2.38407245504929	-2.8210926303799
2.8797932658	-0.9948376736	4.60878028088649	3.18533248297393	-0.927949045841736	-2.45278151660111	-2.91647856804161
2.8797932658	-0.9424777961	4.71751740523516	3.42686656335041	-1.18159352060518	-2.52678072673769	-3.01118376235104
2.8797932658	-0.8901179185	4.73760731369851	3.59262362582227	-1.61216417304482	-2.60276079315341	-3.09770665424255
2.8797932658	-0.837758041	4.67747929238513	3.6910860202118	-2.24372865985195	-2.6764246140599	3.11619984630843
2.8797932658	-0.7853981634	4.5527045170614	3.72528675497856	-3.05503274921535	-2.74270374787815	3.0746746256133
2.8797932658	-0.7330382858	4.40888536775315	3.72258230507328	-3.94243190960299	-2.79926108342428	3.07164696888977
2.8797932658	-0.6806784083	4.29069310776233	3.70268144505396	-4.68397970732112	-2.84569557010312	3.11072238184541
2.8797932658	-0.6283185307	4.25092760294858	3.70431245751002	-5.02054024850405	-2.88578408492044	-3.10818258230047
2.8797932658	-0.5759586532	4.32692902264331	3.7694941501824	-4.8647093830526	-2.9270419853346	-3.05645368777103
2.8797932658	-0.5235987756	4.49798054728135	3.90194003570081	-4.42171712563063	-2.97730420799239	-3.04935719706737
2.8797932658	-0.47123889804	4.70498650629803	4.07597088004291	-3.99695472853651	-3.04267082570958	-3.09521831413511
2.8797932658	-0.41887902048	4.88441878911039	4.25552978299469	-3.8183349811509	-3.12548497820541	3.09521511829826
2.8797932658	-0.36651914292	4.97127659667098	4.38461330953002	-4.01270750924136	3.05898278312699	2.96287486759657
2.8797932658	-0.31415926536	4.92018145045629	4.40778776961822	-4.61530223787872	2.94785714588075	2.79423149504964
2.8797932658	-0.2617993878	4.72013536575271	4.29497583373942	-5.58303421198901	2.82863678818465	2.58946424988057
2.8797932658	-0.20943951024	4.37088975063326	4.02478047508216	-6.78672638434626	2.7045093992156	2.35094276523891
2.8797932658	-0.15707963268	3.92207724824356	3.63531528503838	-8.02314247901912	2.57961745912657	2.0911295338766
2.8797932658	-0.10471975512	3.42239519439447	3.17087962201384	-9.07495000579711	2.4559022332326	1.83995058173302
2.8797932658	-0.05235987756	2.96261407929147	2.72691428989859	-9.80895400220788	2.33583976257611	1.63472027007572
2.8797932658	-4.4408920985E-16	2.63644046521402	2.40064211952561	-10.1333608547665	2.21893959650771	1.49867437792608
2.8797932658	0.05235987756	2.52577376641929	2.27379470896328	-9.96380525870762	-1.04080497932307	-1.71830042072055
2.8797932658	0.10471975512	2.65581544327421	2.3702388357978	-9.30680726342033	-1.16682405983381	-1.76890764415509
2.8797932658	0.15707963268	2.99744311813444	2.6687093678932	-8.37528718156923	-1.30801465049521	-1.83036813542724
2.8797932658	0.20943951024	3.4702094513785	3.10472085184334	-7.46035808995296	-1.46716052179242	-1.91763120365062
2.8797932658	0.2617993878	3.97577342571633	3.59601476732669	-6.79548863074009	-1.64231100615383	-2.02975006075465
2.8797932658	0.31415926536	4.43367010747974	4.06995333102249	-6.51712893111331	-1.82837491001268	-2.16226421980962
2.8797932658	0.36651914292	4.78560360001936	4.46551781980095	-6.69863567370108	-2.01898485176929	-2.31306239358876
2.8797932658	0.41887902048	4.97373152324409	4.71267818756705	-7.36669198121878	-2.20976363344453	-2.48468677351313
2.8797932658	0.47123889804	4.97212511367186	4.77316959033461	-8.51725599743083	-2.39702147272449	-2.68641030810251
2.8797932658	0.5235987756	4.7553660147757	4.61050130312185	-10.0850820530122	-2.5798388229541	-2.9367756316785
2.8797932658	0.5759586532	4.32050071929469	4.21385665224805	-11.831188321894	-2.75742815967129	3.01596882137478
2.8797932658	0.6283185307	3.66594116977597	3.57351580104003	-13.1001207518635	-2.92905520217633	2.58241858229471
2.8797932658	0.6806784083	2.80240396804361	2.68699301430311	-13.0105465321812	-3.09402385883102	2.10891487151567
2.8797932658	0.7330382858	1.75923591677031	1.55659637376423	-11.6522910406381	3.0312769966112	1.72613553399634
2.8797932658	0.7853981634	0.574489360997128	0.166212704312437	-9.89634746105118	2.88021930317683	1.47000833633311
2.8797932658	0.837758041	-0.673663251995563	-1.50236236675216	-8.27530049450788	2.73353202296917	1.30261135458581
2.8797932658	0.8901179185	-1.86750385470744	-3.47250643627127	-6.96840424137178	2.58623437359733	1.18523657201649
2.8797932658	0.9424777961	-2.88126535574853	-5.77126524769672	-6.01529286986692	2.43033148289749	1.09266736288424
2.8797932658	0.9948376736	-3.65156459533817	-8.42252438454065	-5.41260357040869	2.25439206488656	1.01134704751394
2.8797932658	1.0471975512	-4.21997979645592	-11.4625738235476	-5.1280922326596	2.04364867792919	0.93307028564115
2.8797932658	1.0995574288	-4.67813412893754	-14.9304559187675	-5.10855721492346	1.77590498084153	0.854845985384631
2.8797932658	1.1519173063	-5.09440435819712	-18.8766109065758	-5.28010596081434	1.40787224552484	0.776047782856861
2.8797932658	1.2042771839	-5.49336438340057	-22.943277820122	-5.57220115716908	0.840797594960281	0.697583614836494
2.8797932658	1.2566370614	-5.87481617758175	-24.9630438983796	-5.9287242939165	0.0290971904546639	0.620226511545106
2.8797932658	1.308996939	-6.23936624952551	-23.796327676746	-6.31626645589962	-0.648238499163153	0.542016433374259
2.8797932658	1.3613568166	-6.60413531119983	-22.2404840810291	-6.72440299339358	-1.05259736486167	0.458313015085278
2.8797932658	1.4137166941	-6.98372471378752	-21.3995709350428	-7.14374541052943	-1.32405103185611	0.36250019863152
2.8797932658	1.4660765717	-7.3675589333952	-21.2598546796235	-7.54851413925074	-1.55699213903297	0.24914289744516
2.8797932658	1.5184364492	-7.70322645289844	-21.5770333899448	-7.88497004506217	-1.81161620973158	0.118193419233093
2.8797932658	1.5707963268	-7.91977788927004	-21.9072603145005	-8.09672912097092	-2.12732278018141	-0.0223489223883256
2.8797932658	1.6231562044	-7.98199114040236	-21.6492174837353	-8.17278592169748	-2.49497205103726	-0.159697685834735
2.8797932658	1.6755160819	-7.90887964242622	-20.5677152454428	-8.15095369097864	-2.84307016427669	-0.28286375733281
2.8797932658	1.7278759595	-7.76505902480862	-19.0668302748418	-8.09942191888242	-3.11416916196919	-0.388810444347959
2.8797932658	1.780235837	-7.6060287696692	-17.6248722202161	-8.06151499650428	2.97829498066725	-0.479600108790059
2.8797932658	1.8325957146	-7.47223056792238	-16.4699835246884	-8.05690603093367	2.85224110407479	-0.560931012209871
2.8797932658	1.8849555922	-7.3868349173955	-15.6552621829218	-8.08748855179866	2.77927327024554	-0.63411291950776
2.8797932658	1.9373154697	-7.38684424860184	-15.1655036376633	-8.17922755702586	2.75203934810839	-0.697890180822527
2.8797932658	1.9896753473	-7.52329265353162	-14.949274788674	-8.38984216815594	2.76295496818941	-0.746934139944202
2.8797932658	2.0420352248	-7.86818904983985	-14.943513317399	-8.81614432016542	2.79922261750345	-0.77739834429146
2.8797932658	2.0943951024	-8.50701020685848	-15.1132803906531	-9.57750104280709	2.84189575094428	-0.789870957470265
2.8797932658	2.14675498	-9.53278817635317	-15.4780418628994	-10.8075842648166	2.86920188876336	-0.791533049922728
2.8797932658	2.1991148575	-11.028283406111	-16.0637655881894	-12.6628566840522	2.86383428665185	-0.799678536205407
2.8797932658	2.2514747351	-13.0328649381576	-16.8590547707215	-15.3565802056163	2.81770547823197	-0.854226169869351
2.8797932658	2.3038346126	-15.3469903332213	-17.7482323527023	-19.0659161052432	2.74030788277175	-1.05853407284953
2.8797932658	2.3561944902	-17.0850405358444	-18.5773789205976	-22.4490339498004	2.66556811736498	-1.62967904334165
2.8797932658	2.4085543678	-17.2348379076545	-19.2878082050563	-21.4749783936019	2.64473113905687	-2.31050866844094
2.8797932658	2.4609142453	-16.5453674027037	-19.8572083959085	-19.2737106088261	2.72225964866741	-2.63185868250275
2.8797932658	2.5132741229	-16.1643320972573	-20.1679648893395	-18.366739250512	2.90751886939463	-2.7971752937618
2.8797932658	2.5656340004	-16.3868027681632	-20.0782129818542	-18.8084719205727	-3.11977536486048	-2.96403167965002
2.8797932658	2.617993878	-16.9228391141825	-19.7137386927968	-20.1642157831017	-2.84374108290636	3.04502693288343
2.8797932658	2.6703537556	-17.1106543931843	-19.3248159400775	-21.0965514939693	-2.56382885840032	2.60985132054875
2.8797932658	2.7227136331	-16.547704509837	-18.9104391633744	-20.3193376927981	-2.26951019123248	2.19186589490114
2.8797932658	2.7750735107	-15.5772850896751	-18.1980276846826	-19.0155595335777	-1.9695631769039	1.96987312099965
2.8797932658	2.8274333882	-14.6447957649677	-17.0681874448609	-18.3338995564228	-1.70966615423988	1.90100444390465
2.8797932658	2.8797932658	-13.9070559474417	-15.7958226547678	-18.4333266208474	-1.5265192992469	1.91353943040828
2.8797932658	2.9321531434	-13.410181732002	-14.7663097874378	-19.1254518230691	-1.41624916843168	1.95331762058139
2.8797932658	2.9845130209	-13.2451328135452	-14.2359588921182	-20.1489998799929	-1.35319987471022	1.96947668032577
2.8797932658	3.0368728985	-13.530085105609	-14.3557999952643	-21.1459451630297	-1.30915128617701	1.9183487692284
2.8797932658	3.089232776	-14.3749123996718	-15.2548247689716	-21.7408918137349	-1.25598614712709	1.80572820648611
2.8797932658	3.1415926536	-15.8290373895201	-17.0391016570586	-21.9697891260975	-1.15786468046832	1.70619973744187
2.9321531434	-3.1415926536	-15.8270806966009	-16.8035841653284	-22.7872929469998	1.97572446678949	-1.46318645704815
2.9321531434	-3.089232776	-17.8865804327388	-19.4109309515562	-23.1734799303256	2.17038383047291	-1.4801899273178
2.9321531434	-3.0368728985	-20.2131635918271	-22.0061058013615	-24.9210169716316	2.56099759135904	-1.3336817537049
2.9321531434	-2.9845130209	-21.4526076405554	-22.4306090538837	-28.4068838771732	3.04116051504476	-0.79805570733254
2.9321531434	-2.9321531434	-20.19828782623	-21.0986264014763	-27.4744673574625	-2.99088461557006	0.290641497233023
2.9321531434	-2.8797932658	-17.8811240503015	-19.6515868323965	-22.6332989874321	-2.96643073231366	0.832525838077395
2.9321531434	-2.8274333882	-15.9307089798009	-18.2548011000594	-19.7563662460033	-3.03817998092542	1.05137283307622
2.9321531434	-2.7750735107	-14.6633687285192	-16.8355803405952	-18.7131205270944	-3.09547100539302	1.16170386475079
2.9321531434	-2.7227136331	-14.0047160381748	-15.5628843120759	-19.2122312355366	-3.07500453298116	1.18876360153363
2.9321531434	-2.6703537556	-13.6728330546387	-14.555617315114	-21.0260482942274	-2.9604392925304	1.06541394638861
2.9321531434	-2.617993878	-13.232899414363	-13.7650671705038	-22.6136240981317	-2.7619468313302	0.64825694593163
2.9321531434	-2.5656340004	-12.3750947187619	-13.0555229923443	-20.7608874590947	-2.50519446388313	0.175215987516063
2.9321531434	-2.5132741229	-11.2307149723961	-12.370823661902	-17.5966861512434	-2.22360412693392	0.0339475012629696
2.9321531434	-2.4609142453	-10.1402812432657	-11.7836475720851	-15.1565841769956	-1.94290203806077	0.104397424463996
2.9321531434	-2.4085543678	-9.31414368596041	-11.4075017526027	-13.488268945192	-1.67364707351022	0.276430400725289
2.9321531434	-2.3561944902	-8.79401506425552	-11.3099853360151	-12.3622255129417	-1.41827000034382	0.50375243270622
2.9321531434	-2.3038346126	-8.54590859184287	-11.5179167021209	-11.5948410204828	-1.17896016379446	0.762558787287614
2.9321531434	-2.2514747351	-8.52518644940499	-12.0498352655683	-11.0756539134526	-0.962136863025114	1.03682204061168
2.9321531434	-2.1991148575	-8.70864416535038	-12.972550262161	-10.7473146931704	-0.779730715889495	1.31750897310876
2.9321531434	-2.14675498	-9.07044049182609	-14.4175235382765	-10.5697320161395	-0.648128741970007	1.60274491238506
2.9321531434	-2.0943951024	-9.51631863745635	-16.617268230935	-10.4580460249933	-0.600403348631897	1.89453924508514
2.9321531434	-2.0420352248	-9.82244386917887	-19.8854069650356	-10.2730788914024	-0.725208079652156	2.19138723764126
2.9321531434	-1.9896753473	-9.67551234519122	-23.2087701985026	-9.87242190671643	-1.28552060605818	2.4810141130916
2.9321531434	-1.9373154697	-8.95283559844712	-20.9421221109879	-9.23660588587979	-2.06934247574267	2.74366026292553
2.9321531434	-1.8849555922	-7.84272365986497	-16.534051102214	-8.47339578692622	-2.38229201082659	2.96609990356413
2.9321531434	-1.8325957146	-6.62466085349375	-13.1112473932212	-7.72920476446578	-2.47420035101581	-3.13326316513049
2.9321531434	-1.780235837	-5.45991692405835	-10.4934224298765	-7.09539382790755	-2.48530519578259	-2.97791752876782
2.9321531434	-1.7278759595	-4.39264789926507	-8.40563433736514	-6.58888793285234	-2.45686312618519	-2.84003250672283
2.9321531434	-1.6755160819	-3.40082229404021	-6.67021401549083	-6.16662104241638	-2.4040675497382	-2.71351753800737
2.9321531434	-1.6231562044	-2.44856451140338	-5.18037778488799	-5.75643984079684	-2.33822005434629	-2.59934318074682
2.9321531434	-1.5707963268	-1.5131291210859	-3.86305860879631	-5.30253707081071	-2.2697094041036	-2.50464663372333
2.9321531434	-1.5184364492	-0.599366641044939	-2.68380268155852	-4.78793659681341	-2.20849508790019	-2.43801094535954
2.9321531434	-1.4660765717	0.271922125532868	-1.62565825601886	-4.23821759642158	-2.16254459058648	-2.4034379173553
2.9321531434	-1.4137166941	1.0837313778185	-0.67847453885414	-3.6848956720283	-2.1364557879695	-2.39965480137951
2.9321531434	-1.3613568166	1.82218570180223	0.165277926959313	-3.16482070372008	-2.13103887216358	-2.42108339170374
2.9321531434	-1.308996939	2.48565718854708	0.919132316055425	-2.70255695326971	-2.14457690275393	-2.46081881080998
2.9321531434	-1.2566370614	3.07580592853788	1.59506803105588	-2.31660866982668	-2.17345658611961	-2.51389067581539
2.9321531434	-1.2042771839	3.59595812720122	2.20155418625384	-2.01656252450178	-2.21401804576884	-2.57776560103591
2.9321531434	-1.1519173063	4.03956265162337	2.72951223984795	-1.8039723450356	-2.26424415809696	-2.65196115523175
2.9321531434	-1.0995574288	4.40851319156009	3.18137078805897	-1.67951353522179	-2.32216465579786	-2.73625478208655
2.9321531434	-1.0471975512	4.69594213697578	3.54935682662454	-1.64852424977938	-2.38768385808819	-2.82920905215153
2.9321531434	-0.9948376736	4.8919786531944	3.82499934507122	-1.7268772710774	-2.45976324864469	-2.92756825537882
2.9321531434	-0.9424777961	4.99980987010467	4.01999433714304	-1.94729100337039	-2.53705529628486	-3.02567474070288
2.9321531434	-0.8901179185	5.01459855344634	4.13442459404887	-2.35021631448699	-2.61555741723285	-3.11662079084136
2.9321531434	-0.837758041	4.94035635681508	4.17220219844907	-2.96142034610705	-2.69061522613145	3.09135335480642
2.9321531434	-0.7853981634	4.79448928265512	4.14366392542561	-3.77005880513596	-2.75762892954222	3.0424154671613
2.9321531434	-0.7330382858	4.61112976281461	4.06755729935777	-4.68309069272348	-2.81336807178275	3.03139742724032
2.9321531434	-0.6806784083	4.44418446118324	3.97947267884495	-5.4921059886785	-2.85801104372363	3.06477168633662
2.9321531434	-0.6283185307	4.35792589872666	3.93049818227731	-5.92325161964052	-2.89578098203577	3.12976567304471
2.9321531434	-0.5759586532	4.38253534281909	3.9501069555482	-5.85058610915802	-2.93405394758683	-3.0937595416433
2.9321531434	-0.5235987756	4.52210003770897	4.06231869130777	-5.45809227778953	-2.98192291655869	-3.07585995108205
2.9321531434	-0.47123889804	4.71769523969823	4.23549368530093	-5.06673201427621	-3.04589573102035	-3.11241484955474
2.9321531434	-0.41887902048	4.90023862412556	4.42382569394055	-4.93379820498383	-3.12837227035498	3.0838700348443
2.9321531434	-0.36651914292	4.99042264949238	4.55379991332774	-5.2028395022806	3.05564920778475	2.95280064603721
2.9321531434	-0.31415926536	4.94493842032624	4.57350263175213	-5.91846155583569	2.94361791450079	2.77888908980143
2.9321531434	-0.2617993878	4.74712224097236	4.44893873921967	-7.03412350569434	2.82304424118488	2.55926260171463
2.9321531434	-0.20943951024	4.40107547602171	4.1660089213401	-8.38186237257981	2.69782280983356	2.29249059102582
2.9321531434	-0.15707963268	3.94068642334071	3.74811231389711	-9.68710897339767	2.57137132719518	1.99255147878727
2.9321531434	-0.10471975512	3.43593679401304	3.26458462488294	-10.6884046443645	2.44717087131564	1.69993215583041
2.9321531434	-0.05235987756	2.96570939933685	2.8007097120105	-11.3195411496806	2.32725050800783	1.46713519006496
2.9321531434	-4.4408920985E-16	2.63715740378808	2.4702929800465	-11.6002132588766	2.21074582172517	1.3247664511165
2.9321531434	0.05235987756	2.5236325436005	2.34634781887259	-11.4558382207527	-1.04778754872724	-1.87686664045781
2.9321531434	0.10471975512	2.66491796696111	2.46650095584519	-10.8359669120202	-1.17365416737916	-1.89771070765648
2.9321531434	0.15707963268	3.01731409430584	2.78999921706115	-9.90741211908709	-1.31519286390689	-1.9274797024581
2.9321531434	0.20943951024	3.50090971471947	3.24914812381922	-8.992311356484	-1.47516631902661	-1.98984979314106
2.9321531434	0.2617993878	4.02004697954017	3.76169775402034	-8.36425877355898	-1.65136325969127	-2.08601108286324
2.9321531434	0.31415926536	4.48486422910496	4.24326239126913	-8.18221745961482	-1.8381568561138	-2.21075754550553
2.9321531434	0.36651914292	4.83029571317945	4.62525007615055	-8.53116152622648	-2.02966508312516	-2.36261433776715
2.9321531434	0.41887902048	5.00730360837914	4.84903874938649	-9.45558667435731	-2.22104942460305	-2.54699980340255
2.9321531434	0.47123889804	4.97915091706921	4.86672543660551	-10.9461361497374	-2.40992356953486	-2.78046954758893
2.9321531434	0.5235987756	4.73287246655862	4.65668485911931	-12.8641654068112	-2.5946517370725	-3.09957953901721
2.9321531434	0.5759586532	4.25615676775325	4.19934837628074	-14.6059346548099	-2.77511391469005	2.73214242990354
2.9321531434	0.6283185307	3.55019750150489	3.48761881884058	-14.8946332152075	-2.95082576495243	2.18885001697826
2.9321531434	0.6806784083	2.63207711338249	2.52433660048529	-13.4757345014268	-3.12175980146561	1.73755842062298
2.9321531434	0.7330382858	1.52218357268416	1.30033558198703	-11.5055563612419	2.99478872968006	1.45110601702058
2.9321531434	0.7853981634	0.265477554700915	-0.198127861422717	-9.68062139126461	2.83006563259425	1.27896000882274
2.9321531434	0.837758041	-1.04646538271989	-1.98266505516765	-8.17031779429474	2.66221158766729	1.16973903201846
2.9321531434	0.8901179185	-2.28092696393229	-4.06595067494155	-7.00431517184406	2.48164201349388	1.09172217918799
2.9321531434	0.9424777961	-3.29798912313788	-6.43905713793058	-6.18134368595081	2.2744828373995	1.02688275268825
2.9321531434	0.9948376736	-4.0383499035019	-9.03853015104199	-5.68915193226504	2.0206438615997	0.964959434823812
2.9321531434	1.0471975512	-4.55923437992322	-11.6845097944157	-5.49509179543705	1.70026548077771	0.900935944941207
2.9321531434	1.0995574288	-4.9664217199844	-14.0364775932688	-5.54077618285192	1.3066763384116	0.833592344720147
2.9321531434	1.1519173063	-5.33987642891084	-15.729968315606	-5.75619398741859	0.869401406014356	0.764270692131145
2.9321531434	1.2042771839	-5.70146540398458	-16.6771110036763	-6.06301842519374	0.446991099885454	0.69517572866394
2.9321531434	1.2566370614	-6.05500840600345	-17.1450740098994	-6.40676890548775	0.0860585881397182	0.628027634029257
2.9321531434	1.308996939	-6.41536626817402	-17.5054301481879	-6.76712691309607	-0.196659763930551	0.560978890451291
2.9321531434	1.3613568166	-6.80465950017055	-18.0339371678743	-7.14487677727194	-0.404127404277077	0.488082651474617
2.9321531434	1.4137166941	-7.24555718863081	-18.9473174046343	-7.54944558209146	-0.548927344270696	0.401854204159269
2.9321531434	1.4660765717	-7.72665572931632	-20.4544396603295	-7.96481047569688	-0.650877191296125	0.295482464257807
2.9321531434	1.5184364492	-8.18688031848147	-22.8698086435741	-8.33718941278154	-0.736673109697239	0.167329511508496
2.9321531434	1.5707963268	-8.53811473789161	-27.0046119634139	-8.60037975619515	-0.858161343466374	0.0253096196161462
2.9321531434	1.6231562044	-8.71343787356651	-36.048929230066	-8.72146641292524	-1.34222351491139	-0.116317847486017
2.9321531434	1.6755160819	-8.71590612642884	-32.600891478325	-8.73369608638297	2.85745043141194	-0.24426272628805
2.9321531434	1.7278759595	-8.60163456634784	-24.9204720756678	-8.70420423447185	2.55359005004223	-0.353541985138179
2.9321531434	1.780235837	-8.43130793177654	-20.9142596541838	-8.68368320160183	2.44326969041679	-0.447118154066003
2.9321531434	1.8325957146	-8.24953490888363	-18.4146773915106	-8.68914235568984	2.38017479969562	-0.531558607461699
2.9321531434	1.8849555922	-8.09123978880229	-16.8218289644491	-8.71580759887658	2.35079975950505	-0.610927070625313
2.9321531434	1.9373154697	-8.00360515938276	-15.8897795143843	-8.77478455408193	2.35707556215477	-0.683662017681456
2.9321531434	1.9896753473	-8.04509157160171	-15.4638172849556	-8.91324515257889	2.39815137194585	-0.744741263556511
2.9321531434	2.0420352248	-8.29239983104481	-15.4056333715502	-9.23115792466458	2.46850807396099	-0.789491446203427
2.9321531434	2.0943951024	-8.82407407124269	-15.6106336788994	-9.84547949444799	2.55231836308466	-0.817914165454627
2.9321531434	2.14675498	-9.72645059347119	-16.0353865123373	-10.883828603112	2.62567620596102	-0.837408720043571
2.9321531434	2.1991148575	-11.0778341963605	-16.7062023567008	-12.4662532233449	2.6645386802565	-0.865086004288776
2.9321531434	2.2514747351	-12.9309060304972	-17.6480063786414	-14.719129673993	2.65365446275028	-0.938837807076415
2.9321531434	2.3038346126	-15.1388339035968	-18.7768871592081	-17.6007654039334	2.59670395570137	-1.13510870935846
2.9321531434	2.3561944902	-17.0332712823093	-19.9519300890688	-20.1371878829836	2.52520443971249	-1.56302344663038
2.9321531434	2.4085543678	-17.6128869412977	-21.073591818647	-20.2151352150223	2.50322886940869	-2.09549871658928
2.9321531434	2.4609142453	-17.2292064841375	-22.0881433253116	-18.946912589419	2.60451021252873	-2.43771281046141
2.9321531434	2.5132741229	-16.9722463255773	-22.6422945217653	-18.3450672885323	2.86465225372148	-2.6385321786898
2.9321531434	2.5656340004	-17.2108524039822	-22.2137661990171	-18.8603908928662	-3.0659221959181	-2.82350306703817
2.9321531434	2.617993878	-17.6458270630407	-21.0884335073431	-20.2629842429906	-2.73500412300036	-3.09671978189533
2.9321531434	2.6703537556	-17.6146603217105	-19.9585307721889	-21.4125225606449	-2.44950482630529	2.75848627067086
2.9321531434	2.7227136331	-16.8513570381079	-19.0133408822081	-20.9169153638191	-2.17853143258142	2.32223991652223
2.9321531434	2.7750735107	-15.7845373846765	-18.0303387616124	-19.7232860688124	-1.91251197794152	2.07339763407779
2.9321531434	2.8274333882	-14.8133702529435	-16.8478385133715	-19.0843000911039	-1.6796021363037	1.98548440939032
2.9321531434	2.8797932658	-14.0408433020003	-15.6025724935822	-19.2401188914275	-1.5097009574891	1.98484364008514
2.9321531434	2.9321531434	-13.5112536390155	-14.6065401185939	-20.0299592280108	-1.40444603890629	2.01393422222445
2.9321531434	2.9845130209	-13.3059070219056	-14.0817011010987	-21.1684098277458	-1.34407711416984	2.01607623995069
2.9321531434	3.0368728985	-13.557021912286	-14.188768903866	-22.2414783234506	-1.30343018696199	1.94139940273583
2.9321531434	3.089232776	-14.3790179257781	-15.0599762438787	-22.761686989262	-1.25552777757263	1.79884158400578
2.9321531434	3.1415926536	-15.8270806966009	-16.8035841653284	-22.7872929469998	-1.1658681868003	1.67840619654164
2.9845130209	-3.1415926536	-15.8267799868243	-16.5990261909347	-23.7074683056856	1.96818748231373	-1.49714369404318
2.9845130209	-3.089232776	-17.9019029200397	-19.1677196515888	-23.8735843911929	2.1507597805384	-1.52377861971461
2.9845130209	-3.0368728985	-20.255881101469	-21.7759905751315	-25.552883472427	2.52864541745863	-1.38830528301734
2.9845130209	-2.9845130209	-21.4478270554328	-22.2133328387414	-29.3633176174039	3.01142841517264	-0.859651885098647
2.9845130209	-2.9321531434	-20.0688709040932	-20.7533820205117	-28.4306700809857	-3.00924291333454	0.315072860818681
2.9845130209	-2.8797932658	-17.6834460106432	-19.1407187742872	-23.1341616462605	-2.97120219484947	0.854327942276365
2.9845130209	-2.8274333882	-15.6960071301858	-17.6429466495974	-20.1174889513947	-3.0259936868864	1.05476816073642
2.9845130209	-2.7750735107	-14.3889312737849	-16.2158663950361	-19.0310356239768	-3.06973217064962	1.14675967924221
2.9845130209	-2.7227136331	-13.6597845129594	-14.9601118207044	-19.5310543480812	-3.04420764612783	1.15139837649949
2.9845130209	-2.6703537556	-13.2302626927973	-13.9641463913237	-21.3136092306712	-2.93279312976234	0.99663515565849
2.9845130209	-2.617993878	-12.6991556722032	-13.1632214871878	-22.6411699542936	-2.74439269621173	0.55232098050865
2.9845130209	-2.5656340004	-11.8254092166214	-12.4406360543621	-20.6168822258169	-2.50362007153911	0.0977030245503143
2.9845130209	-2.5132741229	-10.7514548104169	-11.7607674057023	-17.5839280589134	-2.24257350305763	-0.0325188365001897
2.9845130209	-2.4609142453	-9.78036846437672	-11.2069555715005	-15.3090142611498	-1.98437193063299	0.0362348631470365
2.9845130209	-2.4085543678	-9.09411510379071	-10.8863173582521	-13.8034166079964	-1.73944540674072	0.203064970222483
2.9845130209	-2.3561944902	-8.73672942363171	-10.8690578332777	-12.8486604003269	-1.51054022728422	0.42543590693984
2.9845130209	-2.3038346126	-8.68373442791917	-11.1811518322694	-12.2756996136661	-1.30050882925611	0.682057443509221
2.9845130209	-2.2514747351	-8.89457118201341	-11.8474084358071	-11.9631043526347	-1.11729531467504	0.960362626858677
2.9845130209	-2.1991148575	-9.33260455678176	-12.9128871708802	-11.8391236700154	-0.976047837870067	1.25335880833544
2.9845130209	-2.14675498	-9.93145469785435	-14.474757520293	-11.810970055998	-0.90357838290174	1.55993582688625
2.9845130209	-2.0943951024	-10.523830469439	-16.6059811696347	-11.752893244074	-0.951978206848579	1.87848710128962
2.9845130209	-2.0420352248	-10.7686457534718	-18.8936309693902	-11.4949070964106	-1.22601940691991	2.19964785421227
2.9845130209	-1.9896753473	-10.3348310092567	-19.1828691927583	-10.9415136344588	-1.75025091949747	2.50225023357671
2.9845130209	-1.9373154697	-9.2617933499096	-16.5757281849347	-10.1534807551678	-2.1698127795967	2.76485171662146
2.9845130209	-1.8849555922	-7.89428993132078	-13.5054862790957	-9.28919536805362	-2.36121619434755	2.97957680668386
2.9845130209	-1.8325957146	-6.53110497102635	-10.9056356367668	-8.50482878754748	-2.43121521320499	-3.12927165908856
2.9845130209	-1.780235837	-5.2870148853333	-8.77179575062506	-7.86960458946574	-2.44073825743	-2.9821066334714
2.9845130209	-1.7278759595	-4.17295468284971	-6.99061104980563	-7.38484172851964	-2.41489457814868	-2.85011344424375
2.9845130209	-1.6755160819	-3.15490108275874	-5.4658523356536	-6.99919505940679	-2.366675729598	-2.72711854436452
2.9845130209	-1.6231562044	-2.1906346723963	-4.12389191557741	-6.63641116588396	-2.30683785247458	-2.61424454106833
2.9845130209	-1.5707963268	-1.25523763528731	-2.91678888231116	-6.23226424919389	-2.24516580631203	-2.51862731195537
2.9845130209	-1.5184364492	-0.35103829919819	-1.82093464748027	-5.77025325177077	-2.19133256089914	-2.44976531011971
2.9845130209	-1.4660765717	0.508528774281959	-0.825489939465415	-5.26764415531569	-2.1524548277419	-2.4128942823461
2.9845130209	-1.4137166941	1.30750500287126	0.0734881701369317	-4.75953562698117	-2.13220199174226	-2.40795469002342
2.9845130209	-1.3613568166	2.03849129707796	0.882701208389941	-4.27564846538103	-2.13110969568644	-2.42971904820341
2.9845130209	-1.308996939	2.69896470029991	1.60932909959696	-3.83949820602799	-2.14734571512448	-2.47163854170265
2.9845130209	-1.2566370614	3.29267399010411	2.26368911536287	-3.46541806531611	-2.17767149353938	-2.52849815359439
2.9845130209	-1.2042771839	3.82082762300658	2.85000102161363	-3.1619733902525	-2.21870554223169	-2.59715016669078
2.9845130209	-1.1519173063	4.27322086727871	3.3565668749417	-2.93283639986193	-2.26936251498346	-2.67600181529411
2.9845130209	-1.0995574288	4.64818483745773	3.782112659193	-2.77995951704768	-2.32828412519133	-2.7641551697473
2.9845130209	-1.0471975512	4.93538559431552	4.11703854819112	-2.71583265638787	-2.39582127502735	-2.86010070741004
2.9845130209	-0.9948376736	5.12983372549835	4.35945119169468	-2.76044387026798	-2.46987712956623	-2.96017826188373
2.9845130209	-0.9424777961	5.23527461291205	4.52041753240367	-2.95290313004163	-2.5491728983684	-3.05953878841343
2.9845130209	-0.8901179185	5.24125414682649	4.5921649617009	-3.33404842233371	-2.62942792560965	3.1313185000015
2.9845130209	-0.837758041	5.15687050474017	4.58511840090642	-3.93163508254455	-2.70596325129364	3.0539096078752
2.9845130209	-0.7853981634	4.99247293199426	4.5035191234647	-4.73487527645177	-2.77352536570526	3.0016153052438
2.9845130209	-0.7330382858	4.77832807832387	4.36656246654956	-5.6572705322358	-2.82881328301144	2.9864904963136
2.9845130209	-0.6806784083	4.57397851857191	4.22065108987667	-6.49755711536514	-2.87211436484108	3.01673447630799
2.9845130209	-0.6283185307	4.44867701296302	4.12435729704489	-6.9805833561581	-2.90777744017383	3.08243152111717
2.9845130209	-0.5759586532	4.43775427329861	4.11149074786156	-6.96651413188205	-2.94358627326974	-3.13526356768302
2.9845130209	-0.5235987756	4.55006000110318	4.20529958450253	-6.62384905894823	-2.98922911101334	-3.10867876086944
2.9845130209	-0.47123889804	4.73236272905172	4.37426505014404	-6.28328394278705	-3.05172613758602	-3.1370266162697
2.9845130209	-0.41887902048	4.91073945983377	4.56315174161987	-6.22909421574348	-3.1335679881507	3.06473591667329
2.9845130209	-0.36651914292	5.00113927676981	4.69101617464672	-6.61550150552385	3.05038938617464	2.93424203333228
2.9845130209	-0.31415926536	4.9621727841683	4.70855681544609	-7.50009527708624	2.93775336760583	2.75267534392607
2.9845130209	-0.2617993878	4.7663162154888	4.57199946075046	-8.82322052956717	2.81629269252767	2.51068479661838
2.9845130209	-0.20943951024	4.41769783095267	4.27009649811021	-10.3428341399414	2.68992608788848	2.2004149320817
2.9845130209	-0.15707963268	3.95305560699023	3.83149330257471	-11.6374376406904	2.56249352174623	1.8394662631431
2.9845130209	-0.10471975512	3.44513665949102	3.33072571241531	-12.4051105358658	2.43811113942685	1.49208895957501
2.9845130209	-0.05235987756	2.97151752357206	2.85401632288503	-12.7645206845484	2.31795339244652	1.23005923157168
2.9845130209	-4.4408920985E-16	2.63790302933938	2.51618888078947	-12.9472443753074	2.20274039898892	1.08332007187058
2.9845130209	0.05235987756	2.52866813217653	2.40271929662235	-12.9100556410264	-1.0548294358685	-2.10052550679569
2.9845130209	0.10471975512	2.67194608511718	2.53691347327856	-12.4688517183232	-1.17954350912253	-2.0842615462063
2.9845130209	0.15707963268	3.03695465746352	2.88746717083742	-11.6693694058262	-1.32077334311043	-2.06992893572563
2.9845130209	0.20943951024	3.53169342504028	3.36975858757472	-10.8334626273114	-1.48078139099003	-2.09581403062767
2.9845130209	0.2617993878	4.05200134576364	3.88927083635358	-10.292263121812	-1.65704749027482	-2.16823265100077
2.9845130209	0.31415926536	4.52427914781225	4.37753674543702	-10.2611723273437	-1.84379339789028	-2.28285123258164
2.9845130209	0.36651914292	4.86428494224708	4.74632471172727	-10.8550486626989	-2.03542788516165	-2.43894640130005
2.9845130209	0.41887902048	5.03143948041899	4.94744517000473	-12.1458344119088	-2.22742331493173	-2.64951583368199
2.9845130209	0.47123889804	4.98381275519992	4.92984044224615	-14.0992782674399	-2.41716299107203	-2.9513554437869
2.9845130209	0.5235987756	4.70970460567114	4.67437478941335	-16.2043776523934	-2.60372632733508	2.86690440276115
2.9845130209	0.5759586532	4.19602159948681	4.16145927657023	-16.8130619792603	-2.78667835904896	2.24331901288741
2.9845130209	0.6283185307	3.44541700960857	3.38540602169428	-15.1800892832041	-2.96631238930262	1.71383820981016
2.9845130209	0.6806784083	2.47826074749237	2.35206642035735	-12.9521284206595	3.13988556137885	1.39653328571751
2.9845130209	0.7330382858	1.30738971292372	1.04425829185299	-10.9996277410327	2.96393606045804	1.2191183705694
2.9845130209	0.7853981634	-0.0111652905170324	-0.539549220515383	-9.42102611755116	2.7848395444735	1.11826230284225
2.9845130209	0.837758041	-1.38608421200143	-2.40792423322	-8.17100511952948	2.5945882038181	1.05832312985414
2.9845130209	0.8901179185	-2.67037373437668	-4.54718893765207	-7.21866714737549	2.37959041563715	1.01667474189414
2.9845130209	0.9424777961	-3.70837528812757	-6.88160530498153	-6.56163729158831	2.12136623855975	0.979723912447499
2.9845130209	0.9948376736	-4.43453093401848	-9.21018462697476	-6.19322465362291	1.80092808245207	0.940230110017939
2.9845130209	1.0471975512	-4.91509996171991	-11.1699812233552	-6.08912032379869	1.41666425772363	0.894229389191731
2.9845130209	1.0995574288	-5.27321718875994	-12.4450741271332	-6.19794733966698	1.00615612786207	0.842153675081475
2.9845130209	1.1519173063	-5.59296362090362	-13.0741584382008	-6.44741459993731	0.627372017513796	0.786289443870242
2.9845130209	1.2042771839	-5.90467938512489	-13.3764369440011	-6.76118505337894	0.312413029846825	0.72946396689294
2.9845130209	1.2566370614	-6.21989205056253	-13.6355217118099	-7.08873102527268	0.067719030308136	0.673857915353128
2.9845130209	1.308996939	-6.55788942903535	-14.0287110429634	-7.41459916867679	-0.108424911595545	0.617574377242677
2.9845130209	1.3613568166	-6.94569282458024	-14.6457529406001	-7.75398069808325	-0.219154965166765	0.55440636537043
2.9845130209	1.4137166941	-7.41089375322226	-15.553376429383	-8.13397771606915	-0.270157653757185	0.476196873117673
2.9845130209	1.4660765717	-7.94235312936327	-16.7953421000726	-8.54829401046503	-0.269532932854446	0.37558764169504
2.9845130209	1.5184364492	-8.48862878315436	-18.4527758828004	-8.95020567643738	-0.224478084876656	0.250674164662371
2.9845130209	1.5707963268	-8.96508960866553	-20.7135329360806	-9.2656138755356	-0.127142343549908	0.108603447650609
2.9845130209	1.6231562044	-9.28623817223152	-23.821915974981	-9.44182493501084	0.0850367557681999	-0.0358303543125071
2.9845130209	1.6755160819	-9.4238529776457	-27.071982279545	-9.49914177898522	0.618622522558246	-0.167680920925022
2.9845130209	1.7278759595	-9.40362511671298	-25.8895312864289	-9.50227965850004	1.38968648018142	-0.280387492705417
2.9845130209	1.780235837	-9.26871784880339	-22.0390105098592	-9.5044887814747	1.75970994502822	-0.376845612419693
2.9845130209	1.8325957146	-9.06458125275669	-19.0336699142797	-9.52560437215186	1.89062293724686	-0.465120564163904
2.9845130209	1.8849555922	-8.84208553945762	-17.0349501009111	-9.55610457012844	1.95176466994626	-0.550158954057284
2.9845130209	1.9373154697	-8.67265356416412	-15.8477788180972	-9.59660852333003	2.00388393779882	-0.632391824300287
2.9845130209	1.9896753473	-8.63952519788091	-15.3234001154206	-9.68856920739326	2.07146599657751	-0.706574570664592
2.9845130209	2.0420352248	-8.81872633993384	-15.3114862708938	-9.92148408582964	2.16141784114046	-0.767226394310543
2.9845130209	2.0943951024	-9.28590598361489	-15.6698180689332	-10.420643207558	2.26716779564237	-0.813800939516188
2.9845130209	2.14675498	-10.1007221273381	-16.2925436427233	-11.2945035664212	2.36773065393459	-0.853451070521709
2.9845130209	2.1991148575	-11.3284163500009	-17.1610700895537	-12.6423044232209	2.43654908037116	-0.903888135369931
2.9845130209	2.2514747351	-13.0007448360843	-18.3117029534563	-14.5150188594541	2.44924740429863	-0.998723902153651
2.9845130209	2.3038346126	-14.9736391141918	-19.7123739791882	-16.7508820810096	2.40040015362018	-1.19463329790593
2.9845130209	2.3561944902	-16.7131448987553	-21.2509430678749	-18.5956440978587	2.31731248801551	-1.54201278969018
2.9845130209	2.4085543678	-17.493917104181	-22.8923699759118	-18.9722041294247	2.27343011806585	-1.95394226037186
2.9845130209	2.4609142453	-17.5125871282705	-24.7288377561999	-18.4268491937325	2.3827671494357	-2.2665174091453
2.9845130209	2.5132741229	-17.5807825176706	-26.1106147190261	-18.2372465210087	2.76517662175769	-2.48073561589738
2.9845130209	2.5656340004	-18.0096395240113	-25.1579982924922	-18.9399643710542	-2.97653923424501	-2.68087421769501
2.9845130209	2.617993878	-18.4242099051727	-22.7327006814741	-20.4363887525423	-2.57836173660529	-2.96079862729479
2.9845130209	2.6703537556	-18.1456221078594	-20.6591845118746	-21.7169025011138	-2.30742849505267	2.89540226981475
2.9845130209	2.7227136331	-17.1361681300187	-19.164457423287	-21.4174586649101	-2.0732455792103	2.45081867813644
2.9845130209	2.7750735107	-15.9588260998269	-17.9191219223844	-20.3567955349708	-1.84566927414866	2.18561950880086
2.9845130209	2.8274333882	-14.954485619151	-16.6733480134071	-19.8110400721754	-1.64155972502816	2.08347359547269
2.9845130209	2.8797932658	-14.1621889811895	-15.4481983348941	-20.0747401522086	-1.48756658619896	2.07135052403056
2.9845130209	2.9321531434	-13.6010586828906	-14.4711854984151	-21.0108782077972	-1.3896934084851	2.08938503614985
2.9845130209	2.9845130209	-13.3667276459374	-13.9569563786744	-22.3261398675114	-1.33353466902281	2.07513990532766
2.9845130209	3.0368728985	-13.5887670547664	-14.0540953648455	-23.5196023523639	-1.2969717476458	1.97001710441266
2.9845130209	3.089232776	-14.3851350702896	-14.894247187825	-23.9469134420475	-1.2549133872306	1.78879891600063
2.9845130209	3.1415926536	-15.8267799868243	-16.5990261909347	-23.7074683056856	-1.17340517127606	1.64444895954661
3.0368728985	-3.1415926536	-15.8277627301674	-16.4234687431114	-24.7497349270298	1.96102142601936	-1.53970867949667
3.0368728985	-3.089232776	-17.9103799046614	-18.9464780009908	-24.6419689246154	2.13164904281308	-1.57505056737748
3.0368728985	-3.0368728985	-20.2841959602874	-21.5612622121677	-26.2228021680319	2.4961285955772	-1.45283488790216
3.0368728985	-2.9845130209	-21.4389419776237	-22.0296513691198	-30.3950538024787	2.98072206916838	-0.944968494013355
3.0368728985	-2.9321531434	-19.9677287397262	-20.4670283052257	-29.6092182068379	-3.02759096112438	0.336760416396015
3.0368728985	-2.8797932658	-17.5281629041378	-18.711829797378	-23.7521107814784	-2.97599040658643	0.875703080537603
3.0368728985	-2.8274333882	-15.5019272874146	-17.1274899977222	-20.5571920253142	-3.01604360684204	1.05705935897953
3.0368728985	-2.7750735107	-14.1394396101574	-15.6763379900306	-19.3966421703134	-3.04887996935205	1.13159923545551
3.0368728985	-2.7227136331	-13.339345029392	-14.4340227341754	-19.8601735458498	-3.02000849941375	1.11885489355111
3.0368728985	-2.6703537556	-12.8271867235583	-13.4427710326341	-21.6163115572564	-2.91275744333236	0.945870074976183
3.0368728985	-2.617993878	-12.245207875778	-12.6359216657898	-22.8983559761753	-2.73475477776447	0.487312929118233
3.0368728985	-2.5656340004	-11.3928540653685	-11.9082398283478	-20.9045177747233	-2.5094367566142	0.0259045067715802
3.0368728985	-2.5132741229	-10.4015713850515	-11.2389341146967	-17.9622345177741	-2.26632841757442	-0.11540844774023
3.0368728985	-2.4609142453	-9.53358215376905	-10.7058545721164	-15.7940995676413	-2.02723435831158	-0.0599158532808048
3.0368728985	-2.4085543678	-8.96014900751147	-10.4178320314702	-14.4098358410289	-1.80281797725609	0.0934473504596938
3.0368728985	-2.3561944902	-8.7308180778739	-10.4374586208878	-13.6126527499619	-1.59601386812836	0.303348098788652
3.0368728985	-2.3038346126	-8.83816911881589	-10.7914609641526	-13.2484434353258	-1.41080707948756	0.551534551402793
3.0368728985	-2.2514747351	-9.25449942338163	-11.497851326243	-13.1968677946104	-1.25648402488322	0.829999902879604
3.0368728985	-2.1991148575	-9.93771654996855	-12.5853914268508	-13.3437012255366	-1.15069969578832	1.13749597141799
3.0368728985	-2.14675498	-10.7819692028816	-14.0785066146055	-13.5237363405528	-1.12492681185202	1.47471557792094
3.0368728985	-2.0943951024	-11.5169521446868	-15.8627842293978	-13.5072735527884	-1.2327439304176	1.83399155920791
3.0368728985	-2.0420352248	-11.659186137507	-17.1529029687428	-13.0994319718228	-1.53499331735641	2.19025796656562
3.0368728985	-1.9896753473	-10.9039656593386	-16.4946874563114	-12.3066514325558	-1.94417075765218	2.50930943730367
3.0368728985	-1.9373154697	-9.51461994569774	-14.2025012114044	-11.3178055516219	-2.23656384935647	2.77133785657194
3.0368728985	-1.8849555922	-7.95608344619835	-11.6931633799037	-10.3439708151331	-2.3803811336263	2.97817478119975
3.0368728985	-1.8325957146	-6.48816151852105	-9.48490128763326	-9.51206413496843	-2.43403309825275	-3.13985992000561
3.0368728985	-1.780235837	-5.18638823169773	-7.61519410128296	-8.8682564628193	-2.43682393991517	-3.00136406679747
3.0368728985	-1.7278759595	-4.0373850603734	-6.02034903579085	-8.39590182076995	-2.40740991092943	-2.87768791121627
3.0368728985	-1.6755160819	-2.99826673944792	-4.62976193813484	-8.04049205435001	-2.35848390355252	-2.7623515652223
3.0368728985	-1.6231562044	-2.02570579161629	-3.38836625673723	-7.72320241938152	-2.30007602061811	-2.65607217555569
3.0368728985	-1.5707963268	-1.0953003112896	-2.25852024227123	-7.3851611956669	-2.24195210783813	-2.56404015572568
3.0368728985	-1.5184364492	-0.202687059205352	-1.2229864247826	-6.99342071221253	-2.19274539506054	-2.49504914654951
3.0368728985	-1.4660765717	0.644667314815644	-0.272726403665578	-6.55824353025724	-2.15848409582804	-2.45535411898091
3.0368728985	-1.4137166941	1.43564830154122	0.594623543287284	-6.10783537434724	-2.14227411462322	-2.44631122759827
3.0368728985	-1.3613568166	2.16564387011489	1.38423348228047	-5.66825603204713	-2.14387572916843	-2.46532208763737
3.0368728985	-1.308996939	2.83298630016238	2.1013882664435	-5.26279664067084	-2.16132486715112	-2.50710955675703
3.0368728985	-1.2566370614	3.44083199441619	2.7534165032166	-4.90399306240114	-2.19136754462499	-2.56705331821433
3.0368728985	-1.2042771839	3.97970196455047	3.33069327490709	-4.59609997390784	-2.23212639981664	-2.64127054457299
3.0368728985	-1.1519173063	4.44561649239967	3.8301676478921	-4.34439801555823	-2.28242347096025	-2.72678392151032
3.0368728985	-1.0995574288	4.82710619764093	4.24040932520646	-4.15664570521037	-2.34057075510593	-2.82096478819271
3.0368728985	-1.0471975512	5.12185307448232	4.56208084658872	-4.0527568252331	-2.40807422340391	-2.92070989438369
3.0368728985	-0.9948376736	5.31869912282155	4.78689126567615	-4.0647873620895	-2.48368333386939	-3.02206226310294
3.0368728985	-0.9424777961	5.41687247676814	4.91897570843461	-4.23614781652375	-2.56402764399378	-3.12068024434159
3.0368728985	-0.8901179185	5.41629295679982	4.96153369134053	-4.60913028864346	-2.64550515231658	3.07197120586618
3.0368728985	-0.837758041	5.31951805023118	4.91657178981194	-5.20576925516329	-2.72269958353298	2.99643029751419
3.0368728985	-0.7853981634	5.13784791634354	4.79095300912608	-6.01030895486075	-2.79034616672181	2.9455095152205
3.0368728985	-0.7330382858	4.90846191572167	4.61429771787026	-6.92973498060569	-2.84546225552585	2.93139268997224
3.0368728985	-0.6806784083	4.67490700963875	4.4200778963366	-7.76723722643525	-2.8874573349228	2.96278249320039
3.0368728985	-0.6283185307	4.51959734949992	4.28409635538001	-8.25553673012107	-2.92126122577176	3.03090686671373
3.0368728985	-0.5759586532	4.48254051737465	4.24540311920442	-8.26333128630523	-2.95496358903989	3.10095683081731
3.0368728985	-0.5235987756	4.57144331418768	4.32212311626993	-7.96288890947333	-2.99865521381172	3.13392647051911
3.0368728985	-0.47123889804	4.74327523613413	4.48853932436953	-7.70041153972465	-3.05990767024376	3.11220078241251
3.0368728985	-0.41887902048	4.91582714023895	4.67514882793514	-7.76742982006721	-3.1410521399383	3.03523214369376
3.0368728985	-0.36651914292	5.00888465177271	4.80314732444968	-8.3382900973385	3.04306875365815	2.90351829002005
3.0368728985	-0.31415926536	4.97330315207	4.81467728579536	-9.47987141988191	2.93022648197912	2.70818633219937
3.0368728985	-0.2617993878	4.77960762719954	4.66597316397068	-11.0998281831782	2.80825490146493	2.42833372969978
3.0368728985	-0.20943951024	4.43137703957014	4.34805144276468	-12.7802779296432	2.68130656705137	2.04281927208287
3.0368728985	-0.15707963268	3.96438603110839	3.89076798291882	-13.7803711201395	2.55332425326527	1.58947939161739
3.0368728985	-0.10471975512	3.44635466618948	3.36556735473153	-13.8983879322202	2.42820295195313	1.1871624046797
3.0368728985	-0.05235987756	2.97056008863664	2.87716355799425	-13.7505901615431	2.30916201011289	0.913853557460471
3.0368728985	-4.4408920985E-16	2.63825824800924	2.53830128221567	-13.7913368439261	2.19479513014681	0.770174425643414
3.0368728985	0.05235987756	2.53007917675166	2.43178508578556	-13.9715441801989	-1.06123122682376	-2.40213102142401
3.0368728985	0.10471975512	2.67732512142844	2.58220694264881	-13.9653550160847	-1.18449642387638	-2.35442954861386
3.0368728985	0.15707963268	3.04526596405516	2.94968953616184	-13.5767697723609	-1.32450513522045	-2.28931196271108
3.0368728985	0.20943951024	3.54679249876059	3.44989748409613	-13.0163937184759	-1.48376973396424	-2.26524812365638
3.0368728985	0.2617993878	4.07745642058326	3.9852121486816	-12.6970331198228	-1.65933329431106	-2.30431685903275
3.0368728985	0.31415926536	4.54693891959564	4.46867152794306	-12.9341705108073	-1.84558962279154	-2.40699821322689
3.0368728985	0.36651914292	4.88728362106111	4.82983026594611	-13.9261005470224	-2.03659824172351	-2.57978014912405
3.0368728985	0.41887902048	5.04171975479863	5.00539456587186	-15.7521944757205	-2.22868496089268	-2.85882874135719
3.0368728985	0.47123889804	4.98033017391709	4.95845334873396	-18.0086037961198	-2.41856346129365	2.94723784111355
3.0368728985	0.5235987756	4.68028095445323	4.65984871735455	-18.6046150761358	-2.60653879922599	2.24328966278583
3.0368728985	0.5759586532	4.13682290632526	4.09875117420049	-16.4540158057448	-2.79190495265344	1.653794013449
3.0368728985	0.6283185307	3.3581775240448	3.27547917466001	-13.8859807360925	-2.97554195630349	1.31924324155773
3.0368728985	0.6806784083	2.3476889579529	2.17929040636144	-11.8506978461438	3.1247771182343	1.13445284738685
3.0368728985	0.7330382858	1.12879222432246	0.806514158423505	-10.3268860071195	2.93963957427154	1.03262931638526
3.0368728985	0.7853981634	-0.24699882193221	-0.842551262048039	-9.1700157412135	2.7463946751993	0.981757460379623
3.0368728985	0.837758041	-1.68686551520354	-2.76188371460885	-8.27697765469297	2.53449208291362	0.960495281308477
3.0368728985	0.8901179185	-3.03247934752715	-4.89681280541204	-7.60395770759267	2.28792363665889	0.953169325187211
3.0368728985	0.9424777961	-4.11237842272451	-7.09732382942867	-7.1481818213925	1.98754950044626	0.947290750328201
3.0368728985	0.9948376736	-4.84271102860244	-9.05163204995785	-6.91465794445419	1.62460577334543	0.93518722540036
3.0368728985	1.0471975512	-5.29162381833517	-10.3989162845909	-6.89377150531867	1.2234962638201	0.913981523622757
3.0368728985	1.0995574288	-5.59496112190586	-11.064023953839	-7.04494025683803	0.838246935127134	0.883895155483848
3.0368728985	1.1519173063	-5.85539131087804	-11.3166948483742	-7.30844977303824	0.509743403707093	0.847274697237783
3.0368728985	1.2042771839	-6.11405717086589	-11.4612970673691	-7.61328402643312	0.247755588637917	0.807314779930095
3.0368728985	1.2566370614	-6.38820844217826	-11.679005163003	-7.91092130132767	0.0514719740418841	0.76553090284011
3.0368728985	1.308996939	-6.7016699451572	-12.0582090415498	-8.19706865923689	-0.0806449812862728	0.719941891611967
3.0368728985	1.3613568166	-7.08321412527481	-12.6473052640163	-8.49609567250716	-0.150904732702963	0.664938563297713
3.0368728985	1.4137166941	-7.55008668659034	-13.4366221351821	-8.8450979190709	-0.165148683167971	0.593147332042354
3.0368728985	1.4660765717	-8.10171136821573	-14.4282312586752	-9.25373369971828	-0.134987062490251	0.497656043016588
3.0368728985	1.5184364492	-8.69883752389378	-15.6321886815124	-9.68213985804034	-0.0733671658480964	0.376826589839218
3.0368728985	1.5707963268	-9.27405194854159	-17.1449109955	-10.048213574608	0.0155063175592777	0.236818913389801
3.0368728985	1.6231562044	-9.74420939902139	-19.0299757485936	-10.2889103118601	0.153533267079433	0.0916011099224026
3.0368728985	1.6755160819	-10.0538796149207	-21.1047475635937	-10.4089633190379	0.405667196702096	-0.043370264078454
3.0368728985	1.7278759595	-10.1764448706158	-22.183839751222	-10.4589951531195	0.830602617337869	-0.160413203500402
3.0368728985	1.780235837	-10.1147285563364	-20.9354938843599	-10.4899916324461	1.26338030894535	-0.261776966779584
3.0368728985	1.8325957146	-9.90671008334952	-18.647672065246	-10.529675771794	1.52068407488094	-0.355662902993045
3.0368728985	1.8849555922	-9.62401329626175	-16.711914183386	-10.568906284303	1.65499541035909	-0.448396591301208
3.0368728985	1.9373154697	-9.37545564951984	-15.4631724100045	-10.6026992684225	1.74300493503936	-0.541640229033079
3.0368728985	1.9896753473	-9.27942198046008	-14.9000119659958	-10.6707747258819	1.82513211418034	-0.630177682894646
3.0368728985	2.0420352248	-9.42106271563766	-14.9362284468448	-10.8529030107933	1.9187994704623	-0.708853296624367
3.0368728985	2.0943951024	-9.85827718078663	-15.4390409315247	-11.2647653613464	2.02529126262273	-0.777121038812386
3.0368728985	2.14675498	-10.6258590348294	-16.2746306083416	-12.006616716877	2.12958892058335	-0.84177176702279
3.0368728985	2.1991148575	-11.7580970779641	-17.380000717273	-13.148953840475	2.20394277690536	-0.920115454688403
3.0368728985	2.2514747351	-13.2360698689696	-18.7555246192486	-14.6662362726283	2.21795417175899	-1.04142089195256
3.0368728985	2.3038346126	-14.8877514473129	-20.377468226558	-16.3295712545287	2.1555256892311	-1.24374034860831
3.0368728985	2.3561944902	-16.2745957208661	-22.1572744390695	-17.5709476383191	2.03507452057734	-1.53888583178752
3.0368728985	2.4085543678	-17.012433365619	-24.1955264605119	-17.9345015026965	1.92833381203508	-1.85938368516969
3.0368728985	2.4609142453	-17.3559821417648	-27.1426340179311	-17.8379225345079	1.9638543335611	-2.12151150274471
3.0368728985	2.5132741229	-17.8694207140107	-31.3258389911836	-18.0699275835714	2.46581616590454	-2.32776666745128
3.0368728985	2.5656340004	-18.6712982657515	-29.5055956361486	-19.0453421396662	-2.78422053251195	-2.53587232510709
3.0368728985	2.617993878	-19.1868838896113	-24.5096113355953	-20.6962573057937	-2.34407243896398	-2.82744834291451
3.0368728985	2.6703537556	-18.6578378843262	-21.314386013377	-22.0532800750389	-2.13314450951229	3.02060927031848
3.0368728985	2.7227136331	-17.3793347562909	-19.3046313813567	-21.839344637582	-1.95344529804652	2.57312888139775
3.0368728985	2.7750735107	-16.0954397214413	-17.840695160308	-20.8981369374986	-1.76949196559088	2.30324049016348
3.0368728985	2.8274333882	-15.0650172986967	-16.5334816922348	-20.4877894702548	-1.59615330554534	2.19430430905318
3.0368728985	2.8797932658	-14.2643502608621	-15.3224867569069	-20.9151079260478	-1.46021000356268	2.17473175786264
3.0368728985	2.9321531434	-13.6894687516768	-14.3715012651165	-22.0658153787599	-1.3718106782155	2.18356954108529
3.0368728985	2.9845130209	-13.4260871860581	-13.8599704078325	-23.6453373621074	-1.32148770420463	2.15154078625458
3.0368728985	3.0368728985	-13.6210552986432	-13.9463991618185	-25.0371286755806	-1.29002671941605	2.00704588935801
3.0368728985	3.089232776	-14.3960498697299	-14.7602899853526	-25.3408625054247	-1.25387214685215	1.77377760872057
3.0368728985	3.1415926536	-15.8277627301674	-16.4234687431114	-24.7497349270298	-1.18057122757044	1.60188397409313
3.089232776	-3.1415926536	-15.8293052226101	-16.2750937902024	-25.9368469083918	1.95420519018292	-1.59472676944484
3.089232776	-3.089232776	-17.9123706725073	-18.7469917366841	-25.4859497812979	2.11299736986086	-1.63640125296586
3.089232776	-3.0368728985	-20.2992220302792	-21.3639038415426	-26.9263377709408	2.4631240831638	-1.52929606217018
3.089232776	-2.9845130209	-21.430340848627	-21.8821244501584	-31.4828130693409	2.94838646689416	-1.06100182174287
3.089232776	-2.9321531434	-19.8978094168285	-20.2417123858383	-31.0821101338252	-3.04691682846948	0.357856765057583
3.089232776	-2.8797932658	-17.4175672733393	-18.363463831863	-24.5013415626359	-2.98205409154963	0.898310551462958
3.089232776	-2.8274333882	-15.3467670291677	-16.6961367108258	-21.0805306035257	-3.00906370113102	1.05881402347719
3.089232776	-2.7750735107	-13.9268320169467	-15.2227321810993	-19.8108097722434	-3.03273851843075	1.11681933666231
3.089232776	-2.7227136331	-13.0525218601831	-13.9812497434611	-20.2075719645185	-3.00155568761595	1.09157508943113
3.089232776	-2.6703537556	-12.4700915028609	-12.9886753244858	-21.9564570598792	-2.89899430234706	0.913114976089167
3.089232776	-2.617993878	-11.8630592255084	-12.1772842680086	-23.4246596679085	-2.7314296757966	0.448124407192345
3.089232776	-2.5656340004	-11.0571480068074	-11.4566207545335	-21.6183250207535	-2.52008246771326	-0.0493567465086264
3.089232776	-2.5132741229	-10.1510806080525	-10.8052473343602	-18.6950177127136	-2.2928575166299	-0.224315695973846
3.089232776	-2.4609142453	-9.37408744901041	-10.298422798668	-16.547608543795	-2.06972513874591	-0.194496097939532
3.089232776	-2.4085543678	-8.88694067567926	-10.0366817921708	-15.2209786279355	-1.86131018661171	-0.0645345436195135
3.089232776	-2.3561944902	-8.74737607348097	-10.07556442995	-14.5398050404529	-1.67151243334348	0.122436624013362
3.089232776	-2.3038346126	-8.96681691964137	-10.4387927877677	-14.3808732585822	-1.50505785432429	0.349822357737581
3.089232776	-2.2514747351	-9.53752622878643	-11.1392641657456	-14.645737238863	-1.37212799610572	0.615856407036386
3.089232776	-2.1991148575	-10.4265248996612	-12.183850496852	-15.2049203337212	-1.29153037889116	0.931671059014908
3.089232776	-2.14675498	-11.5033453214274	-13.5447092771015	-15.7627591094086	-1.29469168319741	1.30833515791574
3.089232776	-2.0943951024	-12.4023740381686	-15.0003615538428	-15.8682765465243	-1.42757906405802	1.73296169802347
3.089232776	-2.0420352248	-12.4730044030061	-15.7446322593562	-15.236812810885	-1.71602057399441	2.14705043982575
3.089232776	-1.9896753473	-11.4389934181406	-14.848070016355	-14.0840734387709	-2.05574783314607	2.49151268639027
3.089232776	-1.9373154697	-9.80267140177709	-12.7932396270188	-12.832793148272	-2.29385263999868	2.75522791386416
3.089232776	-1.8849555922	-8.10136901118559	-10.5744330335133	-11.724870308918	-2.41379999911495	2.95558129457607
3.089232776	-1.8325957146	-6.55919339920411	-8.58489142774491	-10.8448406505396	-2.45648699581886	3.11289760192588
3.089232776	-1.780235837	-5.20703196212519	-6.86845372017223	-10.1843364198269	-2.45207750669916	-3.04028482262243
3.089232776	-1.7278759595	-4.01985696538822	-5.38549395470684	-9.70928791534384	-2.41788353846192	-2.9271330775135
3.089232776	-1.6755160819	-2.95375937492141	-4.07981215478137	-9.36688294011571	-2.36648706895761	-2.82467656446246
3.089232776	-1.6231562044	-1.96649801791741	-2.90255758012823	-9.09093289641821	-2.30787853905725	-2.73146530797182
3.089232776	-1.5707963268	-1.03533327359335	-1.82549558181255	-8.82510595675576	-2.25174228395968	-2.64965302149594
3.089232776	-1.5184364492	-0.149855631245132	-0.832030840325663	-8.5253631983059	-2.20566920465706	-2.58460565317524
3.089232776	-1.4660765717	0.688825890150491	0.0854008628782287	-8.18100368872439	-2.17497574266514	-2.54206606999877
3.089232776	-1.4137166941	1.47594295129805	0.930850972526227	-7.80689796164131	-2.16166435337706	-2.52585536818764
3.089232776	-1.3613568166	2.2107189308755	1.71081336825675	-7.42579991471885	-2.16497143015857	-2.53774321033789
3.089232776	-1.308996939	2.88891461473278	2.42546422854577	-7.05856072117889	-2.18300941091656	-2.57647108265493
3.089232776	-1.2566370614	3.51337518874643	3.08021035974404	-6.71271846251474	-2.21255788006317	-2.63851223104669
3.089232776	-1.2042771839	4.07097305482499	3.6620624133491	-6.39343715956399	-2.25219646047692	-2.72025228407144
3.089232776	-1.1519173063	4.55582933117074	4.16564796731865	-6.10297871675212	-2.30057459321825	-2.81562808857888
3.089232776	-1.0995574288	4.94833546078577	4.57221043846179	-5.86289070467966	-2.35870076808076	-2.91900399262712
3.089232776	-1.0471975512	5.24931025270781	4.88610805593253	-5.70738375188576	-2.42635379191734	-3.0243396523154
3.089232776	-0.9948376736	5.44783053074126	5.0997158878371	-5.68568439992548	-2.50176062703681	-3.12693434941098
3.089232776	-0.9424777961	5.5417278549525	5.21439803627151	-5.84889655830267	-2.58230708854931	3.06034362004185
3.089232776	-0.8901179185	5.53521785453463	5.23645702188215	-6.23791274608574	-2.66414169169812	2.97506848946209
3.089232776	-0.837758041	5.42901426617577	5.16477467605751	-6.86029990742959	-2.74120738268255	2.90612479299347
3.089232776	-0.7853981634	5.235364021563	5.00764356707692	-7.6818213933065	-2.80847087489129	2.86266101376451
3.089232776	-0.7330382858	4.99099869946687	4.79658085373175	-8.59632943582336	-2.86270784739652	2.85660400176113
3.089232776	-0.6806784083	4.74266388221949	4.57183069645672	-9.3945934346236	-2.90352011803296	2.89622772172978
3.089232776	-0.6283185307	4.56842352624303	4.40773172066578	-9.82958044846835	-2.93575523733851	2.97077524180226
3.089232776	-0.5759586532	4.51245791791025	4.34891484539157	-9.81057860047688	-2.96779473248274	3.04521822681952
3.089232776	-0.5235987756	4.5904797287754	4.41972864740553	-9.54882457588462	-3.01009391734615	3.08217395809297
3.089232776	-0.47123889804	4.7552162566981	4.58494234507094	-9.39600452185303	-3.07033561855223	3.06476193966237
3.089232776	-0.41887902048	4.92047733337229	4.76630749856706	-9.65422859297591	3.13240746914757	2.99007311899954
3.089232776	-0.36651914292	5.01469844679999	4.8915309207552	-10.5196207030458	3.03370847425319	2.85245110561218
3.089232776	-0.31415926536	4.97976187926397	4.89333900441187	-12.0749339238975	2.92097245930439	2.62961878689554
3.089232776	-0.2617993878	4.7835827534943	4.72732094073543	-14.1202236863549	2.79870143057753	2.27165075095666
3.089232776	-0.20943951024	4.43385809662876	4.39117127322613	-15.6623725720662	2.67141713375405	1.74420638680959
3.089232776	-0.15707963268	3.96596328745278	3.91675179473312	-15.5157969514364	2.54318335138441	1.18884935947539
3.089232776	-0.10471975512	3.44849571299556	3.37816151100569	-14.4928013967532	2.41829938304409	0.793650011184734
3.089232776	-0.05235987756	2.97159688971762	2.87918013858024	-13.7948656867481	2.29976961621181	0.55527860229332
3.089232776	-4.4408920985E-16	2.63826219319799	2.53680938963874	-13.727568044248	2.1868444345705	0.426973181249528
3.089232776	0.05235987756	2.52809545715848	2.43403763591011	-14.1627425435066	-1.06699312858108	-2.75269387656481
3.089232776	0.10471975512	2.6813741932187	2.60265783541231	-14.7751177397367	-1.18856973732164	-2.71186774546446
3.089232776	0.15707963268	3.05447954899776	2.98919746726342	-15.2080237684987	-1.32681477669094	-2.62542559719579
3.089232776	0.20943951024	3.55795199107362	3.50204161471455	-15.3728921621767	-1.48435899445289	-2.55736719075608
3.089232776	0.2617993878	4.08619565025521	4.03953317496628	-15.6252800808919	-1.658527679569	-2.56032790181283
3.089232776	0.31415926536	4.55762912045817	4.52265285152635	-16.3999555945337	-1.84347319901013	-2.66370291714326
3.089232776	0.36651914292	4.8946989295888	4.87225671810332	-17.9837039505539	-2.0335762208762	-2.90788252932818
3.089232776	0.41887902048	5.04405168035421	5.03034700192547	-19.971953474309	-2.22505692147801	2.88583156564914
3.089232776	0.47123889804	4.97108629963503	4.95676654661427	-19.8545594469232	-2.4153727122483	2.1475343410271
3.089232776	0.5235987756	4.65580946394968	4.62615226814461	-17.015552963249	-2.60389160252825	1.57465375446129
3.089232776	0.5759586532	4.09088974375893	4.02558570010201	-14.170163737709	-2.7912307237199	1.25368443025808
3.089232776	0.6283185307	3.28458174181622	3.15587657299428	-12.0614951442602	-2.97836447703292	1.06428195262128
3.089232776	0.6806784083	2.24221605838296	2.01018320365734	-10.5956321225707	3.11632818864074	0.948972012301374
3.089232776	0.7330382858	0.988885272904703	0.592329981939391	-9.60268937148413	2.92257922460963	0.88553442815012
3.089232776	0.7853981634	-0.437245944248819	-1.09970944606168	-8.9304916160604	2.71632717395072	0.862776557840129
3.089232776	0.837758041	-1.94172420139226	-3.03453361099028	-8.46907620975312	2.48541282180465	0.870049573003405
3.089232776	0.8901179185	-3.36358532767708	-5.12039595719772	-8.1430134383222	2.21303526005347	0.89485896601808
3.089232776	0.9424777961	-4.5062476960696	-7.13750056500844	-7.93186868901112	1.88384393537457	0.924005431938573
3.089232776	0.9948376736	-5.25796966838544	-8.73853830765145	-7.84398448172772	1.50234532213688	0.947478071174957
3.089232776	1.0471975512	-5.67729277212326	-9.6769507295492	-7.88232732797133	1.10878380356682	0.960110959585093
3.089232776	1.0995574288	-5.92016829396158	-10.0582005427584	-8.03603125851266	0.75342707496796	0.960545626704168
3.089232776	1.1519173063	-6.11242931756575	-10.1912273086707	-8.26589331685474	0.458443085358411	0.950607079833458
3.089232776	1.2042771839	-6.31433364810705	-10.3141686150032	-8.51925111404919	0.226560482867559	0.932628511575909
3.089232776	1.2566370614	-6.55377584213588	-10.5458981439401	-8.76380251920221	0.0559617454803274	0.907107026916157
3.089232776	1.308996939	-6.85187151370564	-10.9396586844596	-8.99957515825089	-0.0533016161838037	0.872594002958838
3.089232776	1.3613568166	-7.22810647869421	-11.5120340419678	-9.25482683900448	-0.102851829527477	0.824605819818463
3.089232776	1.4137166941	-7.69443676633975	-12.2372668232372	-9.57420816194228	-0.0999536253040889	0.757503381442423
3.089232776	1.4660765717	-8.24762758939554	-13.0971068270295	-9.96992949092789	-0.0588460095879353	0.66657101496503
3.089232776	1.5184364492	-8.8621418089443	-14.1017938827379	-10.406513450118	0.00395383334553449	0.551047164147689
3.089232776	1.5707963268	-9.50260311598761	-15.3374406400396	-10.815719956454	0.0803544669389434	0.416249241141249
3.089232776	1.6231562044	-10.1006513258185	-16.8568471431605	-11.1301433107246	0.183123485412465	0.273861891611085
3.089232776	1.6755160819	-10.5771187589622	-18.5661914474269	-11.3285835530363	0.35484109965788	0.137884372056356
3.089232776	1.7278759595	-10.8603293375627	-19.8294350418783	-11.4491487605996	0.648168577117987	0.01612341594472
3.089232776	1.780235837	-10.9032071531529	-19.5740876634262	-11.5370836717815	1.01324666906786	-0.0927580686218597
3.089232776	1.8325957146	-10.7091364021198	-17.9826451577724	-11.6100904625749	1.29566541752568	-0.195827962004252
3.089232776	1.8849555922	-10.3784848082343	-16.2672455320309	-11.672723215281	1.46329353300993	-0.299792729260463
3.089232776	1.9373154697	-10.0691287247591	-15.0552550434655	-11.7264453647573	1.56899044295497	-0.406512680486689
3.089232776	1.9896753473	-9.9349540764125	-14.499894989564	-11.802796636698	1.65498682604418	-0.512050256819872
3.089232776	2.0420352248	-10.071046263794	-14.5655524466245	-11.9772170323733	1.7424876283164	-0.611571717279632
3.089232776	2.0943951024	-10.5208405152249	-15.15739653568	-12.3506801138803	1.83663654799827	-0.705883726973416
3.089232776	2.14675498	-11.2831126199782	-16.1404226557765	-13.0016081910957	1.92623469459556	-0.802142255351987
3.089232776	2.1991148575	-12.3410177604803	-17.4150566967451	-13.9580842078292	1.98454193387891	-0.916621224617688
3.089232776	2.2514747351	-13.6039319617028	-18.9219098342743	-15.1152807797912	1.97705665585262	-1.07197262986184
3.089232776	2.3038346126	-14.8627071658965	-20.580879365328	-16.2177720551238	1.88054408716838	-1.28510271639367
3.089232776	2.3561944902	-15.7935203653597	-22.2677604033238	-16.9016463641048	1.7087273413533	-1.54126009997527
3.089232776	2.4085543678	-16.3379751812386	-24.1726356376878	-17.1192356572986	1.52185518569181	-1.78980001775767
3.089232776	2.4609142453	-16.874943466207	-27.3340715969108	-17.2843759575094	1.3858571241442	-1.99831982891678
3.089232776	2.5132741229	-17.8011068687068	-35.452809170069	-17.8763332150567	1.3885636168345	-2.18171478502779
3.089232776	2.5656340004	-19.0793722021211	-35.826205049992	-19.1722121211688	-2.12723227728093	-2.38872740126812
3.089232776	2.617993878	-19.8316935796494	-25.9564222010311	-21.046918892082	-2.00389739004259	-2.69419064747149
3.089232776	2.6703537556	-19.0909518452171	-21.7734298825014	-22.4558542035425	-1.92854778204978	3.13523344490874
3.089232776	2.7227136331	-17.5596792958494	-19.383932625785	-22.2069161890976	-1.82128768354722	2.6862479358302
3.089232776	2.7750735107	-16.1805007405523	-17.7584965985527	-21.3424194207947	-1.68491727953387	2.42292733258749
3.089232776	2.8274333882	-15.1389021422926	-16.4115735518305	-21.0903896876802	-1.54391993870139	2.316741300875
3.089232776	2.8797932658	-14.3458946248533	-15.2208083223988	-21.7342008729741	-1.42801011147537	2.29658691858508
3.089232776	2.9321531434	-13.7642256165218	-14.2917402945408	-23.1808111453904	-1.35113792940847	2.30160674653528
3.089232776	2.9845130209	-13.4835375227848	-13.7898741109864	-25.1516599249539	-1.30811410211796	2.25364831260478
3.089232776	3.0368728985	-13.6572060823798	-13.86883689585	-26.8846459007716	-1.28246038122776	2.05746583523333
3.089232776	3.089232776	-14.4081474440583	-14.6528141081946	-27.0220015771289	-1.25278760725029	1.75023228282133
3.089232776	3.1415926536	-15.8293052226101	-16.2750937902024	-25.9368469083918	-1.18738746340687	1.54686588414495
